Date	Total Discharge (cfs)	Baseflow (cfs)	Stormflow (cfs)
10/1/2008	19	18	1
10/2/2008	19	18	1
10/3/2008	19	18	1
10/4/2008	18	18	0
10/5/2008	137	18	119
10/6/2008	113.15	47	66.15
10/7/2008	154	47	107
10/8/2008	233	47	186
10/9/2008	78	47	31
10/10/2008	47	47	0
10/11/2008	34	23	11
10/12/2008	28	23	5
10/13/2008	25	23	2
10/14/2008	23	23	0
10/15/2008	44	23	21
10/16/2008	32	21	11
10/17/2008	25	21	4
10/18/2008	23	21	2
10/19/2008	21	21	0
10/20/2008	46	21	25
10/21/2008	27	20	7
10/22/2008	23	20	3
10/23/2008	20	20	0
10/24/2008	46	20	26
10/25/2008	129	20	109
10/26/2008	43	23	20
10/27/2008	31	23	8
10/28/2008	26	23	3
10/29/2008	24	23	1
10/30/2008	23	23	0
10/31/2008	21	20	1
11/1/2008	20	20	0
11/2/2008	20	20	0
11/3/2008	26	20	6
11/4/2008	28	20	8
11/5/2008	23	23	0
11/6/2008	45	23	22
11/7/2008	33	23	10
11/8/2008	32	23	9
11/9/2008	30	23	7
11/10/2008	26	26	0
11/11/2008	46	26	20
11/12/2008	88	26	62
11/13/2008	50	26	24
11/14/2008	132	26	106
11/15/2008	51	31	20
11/16/2008	37	31	6
11/17/2008	32.97	31	1.97
11/18/2008	31	31	0
11/19/2008	31	31	0
11/20/2008	27.56	23	4.56
11/21/2008	26	23	3
11/22/2008	24	23	1
11/23/2008	23	23	0
11/24/2008	33	23	10
11/25/2008	30	23	7
11/26/2008	26	23	3
11/27/2008	25	23	2
11/28/2008	25	23	2
11/29/2008	23	23	0
11/30/2008	28	28	0
12/1/2008	43	28	15
12/2/2008	36	28	8
12/3/2008	36	28	8
12/4/2008	32	28	4
12/5/2008	36	36	0
12/6/2008	40	36	4
12/7/2008	38	36	2
12/8/2008	43	36	7
12/9/2008	56	36	20
12/10/2008	47	39	8
12/11/2008	40	39	1
12/12/2008	39	39	0
12/13/2008	45	39	6
12/14/2008	284	39	245
12/15/2008	252.14	46	206.14
12/16/2008	157.09	46	111.09
12/17/2008	83	46	37
12/18/2008	59	46	13
12/19/2008	46	46	0
12/20/2008	40	30.35	9.65
12/21/2008	38	30.35	7.65
12/22/2008	37	30.35	6.65
12/23/2008	30.35	30.35	0
12/24/2008	36.82	30.35	6.47
12/25/2008	33	33	0
12/26/2008	71	33	38
12/27/2008	1093.73	33	1060.73
12/28/2008	1019.16	33	986.16
12/29/2008	544.6	33	511.6
12/30/2008	347.49	124.42	223.07
12/31/2008	220.07	124.42	95.65
1/1/2009	161.96	124.42	37.54
1/2/2009	124.42	124.42	0
1/3/2009	142	124.42	17.58
1/4/2009	154	74	80
1/5/2009	107	74	33
1/6/2009	83	74	9
1/7/2009	75.86	74	1.86
1/8/2009	74	74	0
1/9/2009	68	54.31	13.69
1/10/2009	62	54.31	7.69
1/11/2009	57	54.31	2.69
1/12/2009	56	54.31	1.69
1/13/2009	54.31	54.31	0
1/14/2009	46.51	46	0.51
1/15/2009	51	46	5
1/16/2009	47	46	1
1/17/2009	51.23	46	5.23
1/18/2009	46	46	0
1/19/2009	45.11	43	2.11
1/20/2009	44	43	1
1/21/2009	44	43	1
1/22/2009	45	43	2
1/23/2009	43	43	0
1/24/2009	40	37	3
1/25/2009	39	37	2
1/26/2009	37	37	0
1/27/2009	37	37	0
1/28/2009	39	37	2
1/29/2009	38	37	1
1/30/2009	37	37	0
1/31/2009	37	37	0
2/1/2009	38	37	1
2/2/2009	37	37	0
2/3/2009	34	31.78	2.22
2/4/2009	31.78	31.78	0
2/5/2009	32	31.78	0.22
2/6/2009	42	31.78	10.22
2/7/2009	249	31.78	217.22
2/8/2009	288.81	288.81	0
2/9/2009	427	288.81	138.19
2/10/2009	515.33	288.81	226.52
2/11/2009	693.58	288.81	404.77
2/12/2009	531.18	288.81	242.37
2/13/2009	365.17	119	246.17
2/14/2009	212.37	119	93.37
2/15/2009	203.7	119	84.7
2/16/2009	119	119	0
2/17/2009	121.92	119	2.92
2/18/2009	107	79.89	27.11
2/19/2009	79.89	79.89	0
2/20/2009	98.38	79.89	18.49
2/21/2009	88.04	79.89	8.15
2/22/2009	107.59	79.89	27.7
2/23/2009	89	88	1
2/24/2009	88	88	0
2/25/2009	154	88	66
2/26/2009	479.89	88	391.89
2/27/2009	575.99	88	487.99
2/28/2009	296.07	103.62	192.45
3/1/2009	186.9	103.62	83.28
3/2/2009	103.62	103.62	0
3/3/2009	113	103.62	9.38
3/4/2009	112	103.62	8.38
3/5/2009	151.75	151.75	0
3/6/2009	329.48	151.75	177.73
3/7/2009	697.7	151.75	545.95
3/8/2009	1169.51	151.75	1017.76
3/9/2009	1127.32	151.75	975.57
3/10/2009	1544.21	323.79	1220.42
3/11/2009	1057.54	323.79	733.75
3/12/2009	729.37	323.79	405.58
3/13/2009	497.39	323.79	173.6
3/14/2009	323.79	323.79	0
3/15/2009	244.46	167	77.46
3/16/2009	185.97	167	18.97
3/17/2009	212	167	45
3/18/2009	231.31	167	64.31
3/19/2009	167	167	0
3/20/2009	104.6	104.6	0
3/21/2009	142	104.6	37.4
3/22/2009	132	104.6	27.4
3/23/2009	123	104.6	18.4
3/24/2009	144	104.6	39.4
3/25/2009	361	176	185
3/26/2009	236.04	176	60.04
3/27/2009	208	176	32
3/28/2009	176	176	0
3/29/2009	248	176	72
3/30/2009	164.5	164.5	0
3/31/2009	270.18	164.5	105.68
4/1/2009	429	164.5	264.5
4/2/2009	266.49	164.5	101.99
4/3/2009	306.55	164.5	142.05
4/4/2009	163.67	106	57.67
4/5/2009	164	106	58
4/6/2009	164.77	106	58.77
4/7/2009	122	106	16
4/8/2009	106	106	0
4/9/2009	104	66	38
4/10/2009	89	66	23
4/11/2009	74	66	8
4/12/2009	71	66	5
4/13/2009	66	66	0
4/14/2009	78	47	31
4/15/2009	61	47	14
4/16/2009	53	47	6
4/17/2009	49	47	2
4/18/2009	47	47	0
4/19/2009	145	145	0
4/20/2009	546.16	145	401.16
4/21/2009	339.46	145	194.46
4/22/2009	271.03	145	126.03
4/23/2009	204	145	59
4/24/2009	164	164	0
4/25/2009	537.91	164	373.91
4/26/2009	2306.29	164	2142.29
4/27/2009	1844.47	164	1680.47
4/28/2009	929.69	164	765.69
4/29/2009	677.27	186.47	490.8
4/30/2009	550.18	186.47	363.71
5/1/2009	398.44	186.47	211.97
5/2/2009	281.18	186.47	94.71
5/3/2009	186.47	186.47	0
5/4/2009	176	145	31
5/5/2009	145	145	0
5/6/2009	159	145	14
5/7/2009	377.43	145	232.43
5/8/2009	208.49	145	63.49
5/9/2009	430.83	196	234.83
5/10/2009	348.89	196	152.89
5/11/2009	249.37	196	53.37
5/12/2009	196	196	0
5/13/2009	293.88	196	97.88
5/14/2009	808.72	165	643.72
5/15/2009	406.05	165	241.05
5/16/2009	391.82	165	226.82
5/17/2009	244.19	165	79.19
5/18/2009	165	165	0
5/19/2009	134	72.39	61.61
5/20/2009	113	72.39	40.61
5/21/2009	94	72.39	21.61
5/22/2009	72.39	72.39	0
5/23/2009	82	72.39	9.61
5/24/2009	81	68	13
5/25/2009	69	68	1
5/26/2009	68	68	0
5/27/2009	176	68	108
5/28/2009	97	68	29
5/29/2009	78	57	21
5/30/2009	68	57	11
5/31/2009	61	57	4
6/1/2009	85	57	28
6/2/2009	57	57	0
6/3/2009	53	46	7
6/4/2009	50	46	4
6/5/2009	47	46	1
6/6/2009	46	46	0
6/7/2009	47	46	1
6/8/2009	601.31	91.35	509.96
6/9/2009	278.7	91.35	187.35
6/10/2009	146.86	91.35	55.51
6/11/2009	91.35	91.35	0
6/12/2009	100.91	91.35	9.56
6/13/2009	67.7	45.2	22.5
6/14/2009	62.14	45.2	16.94
6/15/2009	45.2	45.2	0
6/16/2009	49	45.2	3.8
6/17/2009	52	45.2	6.8
6/18/2009	47.37	47.37	0
6/19/2009	3844.43	47.37	3797.06
6/20/2009	873.48	47.37	826.11
6/21/2009	359.54	47.37	312.17
6/22/2009	209.42	47.37	162.05
6/23/2009	185.61	57	128.61
6/24/2009	90.39	57	33.39
6/25/2009	78	57	21
6/26/2009	65	57	8
6/27/2009	57	57	0
6/28/2009	62	43	19
6/29/2009	53	43	10
6/30/2009	52	43	9
7/1/2009	46	43	3
7/2/2009	43	43	0
7/3/2009	46.96	31	15.96
7/4/2009	38	31	7
7/5/2009	40.86	31	9.86
7/6/2009	33	31	2
7/7/2009	31	31	0
7/8/2009	35.65	28	7.65
7/9/2009	28	28	0
7/10/2009	28	28	0
7/11/2009	44	28	16
7/12/2009	34	28	6
7/13/2009	27.34	21.36	5.98
7/14/2009	29.2	21.36	7.84
7/15/2009	68	21.36	46.64
7/16/2009	34	21.36	12.64
7/17/2009	21.36	21.36	0
7/18/2009	25	24	1
7/19/2009	25	24	1
7/20/2009	24	24	0
7/21/2009	24	24	0
7/22/2009	50	24	26
7/23/2009	46.06	20.89	25.17
7/24/2009	30	20.89	9.11
7/25/2009	20.89	20.89	0
7/26/2009	25	20.89	4.11
7/27/2009	23	20.89	2.11
7/28/2009	23	16.45	6.55
7/29/2009	16.45	16.45	0
7/30/2009	19	16.45	2.55
7/31/2009	19	16.45	2.55
8/1/2009	19	16.45	2.55
8/2/2009	18	15	3
8/3/2009	17	15	2
8/4/2009	17	15	2
8/5/2009	17	15	2
8/6/2009	15	15	0
8/7/2009	63	36	27
8/8/2009	328.28	36	292.28
8/9/2009	75	36	39
8/10/2009	140.18	36	104.18
8/11/2009	36	36	0
8/12/2009	24	14	10
8/13/2009	19	14	5
8/14/2009	17	14	3
8/15/2009	15	14	1
8/16/2009	14	14	0
8/17/2009	15	15	0
8/18/2009	15	15	0
8/19/2009	15	15	0
8/20/2009	66	15	51
8/21/2009	38	15	23
8/22/2009	20	13	7
8/23/2009	14	13	1
8/24/2009	13	13	0
8/25/2009	49	13	36
8/26/2009	216	13	203
8/27/2009	64	19	45
8/28/2009	34	19	15
8/29/2009	33	19	14
8/30/2009	24	19	5
8/31/2009	19	19	0
9/1/2009	15	13	2
9/2/2009	14	13	1
9/3/2009	14	13	1
9/4/2009	13	13	0
9/5/2009	13	13	0
9/6/2009	12	10	2
9/7/2009	11	10	1
9/8/2009	11	10	1
9/9/2009	11	10	1
9/10/2009	10	10	0
9/11/2009	10	8.4	1.6
9/12/2009	10	8.4	1.6
9/13/2009	8.9	8.4	0.5
9/14/2009	9	8.4	0.6
9/15/2009	8.4	8.4	0
9/16/2009	8	6.8	1.2
9/17/2009	8.7	6.8	1.9
9/18/2009	7.5	6.8	0.7
9/19/2009	6.8	6.8	0
9/20/2009	18	6.8	11.2
9/21/2009	39	27	12
9/22/2009	127	27	100
9/23/2009	89	27	62
9/24/2009	30	27	3
9/25/2009	27	27	0
9/26/2009	34	30	4
9/27/2009	161	30	131
9/28/2009	179.15	30	149.15
9/29/2009	44	30	14
9/30/2009	30	30	0
10/1/2009	113.19	34	79.19
10/2/2009	432.98	34	398.98
10/3/2009	97.52	34	63.52
10/4/2009	49.98	34	15.98
10/5/2009	34	34	0
10/6/2009	51	27	24
10/7/2009	49	27	22
10/8/2009	30.17	27	3.17
10/9/2009	33	27	6
10/10/2009	27	27	0
10/11/2009	21	18	3
10/12/2009	20	18	2
10/13/2009	19	18	1
10/14/2009	18	18	0
10/15/2009	50	18	32
10/16/2009	50	23	27
10/17/2009	33	23	10
10/18/2009	27	23	4
10/19/2009	24	23	1
10/20/2009	23	23	0
10/21/2009	27	27	0
10/22/2009	182.42	27	155.42
10/23/2009	805.7	27	778.7
10/24/2009	325.27	27	298.27
10/25/2009	239.77	27	212.77
10/26/2009	358.78	96	262.78
10/27/2009	231.69	96	135.69
10/28/2009	121	96	25
10/29/2009	96	96	0
10/30/2009	465.64	96	369.64
10/31/2009	222.36	75	147.36
11/1/2009	146	75	71
11/2/2009	86.42	75	11.42
11/3/2009	87	75	12
11/4/2009	75	75	0
11/5/2009	66	52	14
11/6/2009	62	52	10
11/7/2009	58	52	6
11/8/2009	56	52	4
11/9/2009	52	52	0
11/10/2009	54.91	40.47	14.44
11/11/2009	40.47	40.47	0
11/12/2009	60	40.47	19.53
11/13/2009	43.18	40.47	2.71
11/14/2009	52.51	40.47	12.04
11/15/2009	51.9	42.3	9.6
11/16/2009	42.3	42.3	0
11/17/2009	42.65	42.3	0.35
11/18/2009	72	42.3	29.7
11/19/2009	60.36	42.3	18.06
11/20/2009	55	44	11
11/21/2009	47	44	3
11/22/2009	45	44	1
11/23/2009	44	44	0
11/24/2009	107.86	44	63.86
11/25/2009	427.47	131.33	296.14
11/26/2009	496.41	131.33	365.08
11/27/2009	259.78	131.33	128.45
11/28/2009	131.33	131.33	0
11/29/2009	136.05	131.33	4.72
11/30/2009	125.71	65	60.71
12/1/2009	90.1	65	25.1
12/2/2009	82.95	65	17.95
12/3/2009	70	65	5
12/4/2009	65	65	0
12/5/2009	61	55	6
12/6/2009	56	55	1
12/7/2009	55	55	0
12/8/2009	57	55	2
12/9/2009	216	55	161
12/10/2009	114	63	51
12/11/2009	95	63	32
12/12/2009	77	63	14
12/13/2009	63	63	0
12/14/2009	71	63	8
12/15/2009	65	51	14
12/16/2009	62	51	11
12/17/2009	58	51	7
12/18/2009	55	51	4
12/19/2009	51	51	0
12/20/2009	47	47	0
12/21/2009	50	47	3
12/22/2009	51	47	4
12/23/2009	50	47	3
12/24/2009	101.37	47	54.37
12/25/2009	1281.47	279.88	1001.59
12/26/2009	916.91	279.88	637.03
12/27/2009	578.89	279.88	299.01
12/28/2009	451.58	279.88	171.7
12/29/2009	279.88	279.88	0
12/30/2009	166	81	85
12/31/2009	131	81	50
1/1/2010	103	81	22
1/2/2010	89	81	8
1/3/2010	81	81	0
1/4/2010	74	55	19
1/5/2010	66	55	11
1/6/2010	61	55	6
1/7/2010	57	55	2
1/8/2010	55	55	0
1/9/2010	53	52	1
1/10/2010	52	52	0
1/11/2010	52	52	0
1/12/2010	53	52	1
1/13/2010	53	52	1
1/14/2010	56	49.52	6.48
1/15/2010	49.52	49.52	0
1/16/2010	50.49	49.52	0.97
1/17/2010	57	49.52	7.48
1/18/2010	58	49.52	8.48
1/19/2010	56	55	1
1/20/2010	56	55	1
1/21/2010	55	55	0
1/22/2010	55	55	0
1/23/2010	61	55	6
1/24/2010	576.85	204.23	372.62
1/25/2010	571.29	204.23	367.06
1/26/2010	448.77	204.23	244.54
1/27/2010	264.03	204.23	59.8
1/28/2010	204.23	204.23	0
1/29/2010	177	69	108
1/30/2010	107	69	38
1/31/2010	90	69	21
2/1/2010	75	69	6
2/2/2010	69	69	0
2/3/2010	64.73	46.02	18.71
2/4/2010	73.8	46.02	27.78
2/5/2010	46.02	46.02	0
2/6/2010	51	46.02	4.98
2/7/2010	50	46.02	3.98
2/8/2010	49	40.16	8.84
2/9/2010	47	40.16	6.84
2/10/2010	46	40.16	5.84
2/11/2010	40.16	40.16	0
2/12/2010	46	40.16	5.84
2/13/2010	45	45	0
2/14/2010	45	45	0
2/15/2010	45	45	0
2/16/2010	46	45	1
2/17/2010	46	45	1
2/18/2010	49	43.67	5.33
2/19/2010	43.67	43.67	0
2/20/2010	50	43.67	6.33
2/21/2010	47	43.67	3.33
2/22/2010	57	43.67	13.33
2/23/2010	57	46	11
2/24/2010	52	46	6
2/25/2010	51	46	5
2/26/2010	46	46	0
2/27/2010	50.46	46	4.46
2/28/2010	43.54	42.8	0.74
3/1/2010	42.8	42.8	0
3/2/2010	51	42.8	8.2
3/3/2010	52	42.8	9.2
3/4/2010	57	42.8	14.2
3/5/2010	63	63	0
3/6/2010	71	63	8
3/7/2010	81	63	18
3/8/2010	110	63	47
3/9/2010	273.2	63	210.2
3/10/2010	577.17	577.17	0
3/11/2010	686.27	577.17	109.1
3/12/2010	743.35	577.17	166.18
3/13/2010	791.77	577.17	214.6
3/14/2010	693.65	577.17	116.48
3/15/2010	568.76	230.21	338.55
3/16/2010	482.37	230.21	252.16
3/17/2010	384.54	230.21	154.33
3/18/2010	290.69	230.21	60.48
3/19/2010	230.21	230.21	0
3/20/2010	216.19	106.01	110.18
3/21/2010	176.48	106.01	70.47
3/22/2010	126.92	106.01	20.91
3/23/2010	106.01	106.01	0
3/24/2010	107	106.01	0.99
3/25/2010	99	65.44	33.56
3/26/2010	90	65.44	24.56
3/27/2010	73.6	65.44	8.16
3/28/2010	86.92	65.44	21.48
3/29/2010	65.44	65.44	0
3/30/2010	72.7	61.51	11.19
3/31/2010	62.78	61.51	1.27
4/1/2010	65	61.51	3.49
4/2/2010	61.51	61.51	0
4/3/2010	69	61.51	7.49
4/4/2010	63	63	0
4/5/2010	67.82	63	4.82
4/6/2010	551.98	63	488.98
4/7/2010	530.45	63	467.45
4/8/2010	603.34	63	540.34
4/9/2010	479.45	129	350.45
4/10/2010	394.56	129	265.56
4/11/2010	302.55	129	173.55
4/12/2010	214.4	129	85.4
4/13/2010	129	129	0
4/14/2010	112	71.25	40.75
4/15/2010	101	71.25	29.75
4/16/2010	89	71.25	17.75
4/17/2010	71.25	71.25	0
4/18/2010	72	71.25	0.75
4/19/2010	59.66	48.41	11.25
4/20/2010	60.42	48.41	12.01
4/21/2010	48.41	48.41	0
4/22/2010	59.94	48.41	11.53
4/23/2010	58	48.41	9.59
4/24/2010	314.19	314.19	0
4/25/2010	1245.88	314.19	931.69
4/26/2010	684.41	314.19	370.22
4/27/2010	558.39	314.19	244.2
4/28/2010	431.75	314.19	117.56
4/29/2010	310.14	166.1	144.04
4/30/2010	226.28	166.1	60.18
5/1/2010	304.41	166.1	138.31
5/2/2010	202.93	166.1	36.83
5/3/2010	166.1	166.1	0
5/4/2010	102.46	97.45	5.01
5/5/2010	103.5	97.45	6.05
5/6/2010	97.45	97.45	0
5/7/2010	255.9	97.45	158.45
5/8/2010	129	97.45	31.55
5/9/2010	129.39	72.53	56.86
5/10/2010	72.53	72.53	0
5/11/2010	547.83	72.53	475.3
5/12/2010	385.83	72.53	313.3
5/13/2010	1198.95	72.53	1126.42
5/14/2010	725.02	154	571.02
5/15/2010	538.66	154	384.66
5/16/2010	397.9	154	243.9
5/17/2010	265.67	154	111.67
5/18/2010	154	154	0
5/19/2010	121	121	0
5/20/2010	128.7	121	7.7
5/21/2010	245.55	121	124.55
5/22/2010	167.71	121	46.71
5/23/2010	155.17	121	34.17
5/24/2010	80	52	28
5/25/2010	68	52	16
5/26/2010	74	52	22
5/27/2010	58	52	6
5/28/2010	52	52	0
5/29/2010	47	42	5
5/30/2010	44	42	2
5/31/2010	51	42	9
6/1/2010	42	42	0
6/2/2010	385.88	42	343.88
6/3/2010	158	107	51
6/4/2010	107	107	0
6/5/2010	242.81	107	135.81
6/6/2010	292.55	107	185.55
6/7/2010	138.18	107	31.18
6/8/2010	154.6	62	92.6
6/9/2010	241.8	62	179.8
6/10/2010	136.86	62	74.86
6/11/2010	71.34	62	9.34
6/12/2010	62	62	0
6/13/2010	65.63	49.57	16.06
6/14/2010	49.57	49.57	0
6/15/2010	933.59	49.57	884.02
6/16/2010	566.72	49.57	517.15
6/17/2010	216.59	49.57	167.02
6/18/2010	207.93	105.01	102.92
6/19/2010	128	105.01	22.99
6/20/2010	105.01	105.01	0
6/21/2010	234.79	105.01	129.78
6/22/2010	449.19	105.01	344.18
6/23/2010	1465.98	207.94	1258.04
6/24/2010	645.43	207.94	437.49
6/25/2010	326.06	207.94	118.12
6/26/2010	207.94	207.94	0
6/27/2010	632.48	207.94	424.54
6/28/2010	381.96	94	287.96
6/29/2010	231.4	94	137.4
6/30/2010	116.37	94	22.37
7/1/2010	99.6	94	5.6
7/2/2010	94	94	0
7/3/2010	80	57	23
7/4/2010	70	57	13
7/5/2010	62	57	5
7/6/2010	57	57	0
7/7/2010	807.5	57	750.5
7/8/2010	453.81	74	379.81
7/9/2010	170.96	74	96.96
7/10/2010	157.12	74	83.12
7/11/2010	88	74	14
7/12/2010	74	74	0
7/13/2010	61	61	0
7/14/2010	106	61	45
7/15/2010	4000	61	3939
7/16/2010	1234.3	61	1173.3
7/17/2010	768.32	61	707.32
7/18/2010	558	112	446
7/19/2010	350.04	112	238.04
7/20/2010	175.09	112	63.09
7/21/2010	112	112	0
7/22/2010	2813.3	112	2701.3
7/23/2010	5206.36	637.13	4569.23
7/24/2010	1941.08	637.13	1303.95
7/25/2010	1153.2	637.13	516.07
7/26/2010	806.49	637.13	169.36
7/27/2010	637.13	637.13	0
7/28/2010	357.28	124.21	233.07
7/29/2010	336.66	124.21	212.45
7/30/2010	124.21	124.21	0
7/31/2010	552.57	124.21	428.36
8/1/2010	271.84	124.21	147.63
8/2/2010	114	74	40
8/3/2010	127.78	74	53.78
8/4/2010	89	74	15
8/5/2010	81	74	7
8/6/2010	74	74	0
8/7/2010	72	72	0
8/8/2010	152.07	72	80.07
8/9/2010	457.81	72	385.81
8/10/2010	286.18	72	214.18
8/11/2010	114	72	42
8/12/2010	83	49.71	33.29
8/13/2010	82.94	49.71	33.23
8/14/2010	81	49.71	31.29
8/15/2010	66	49.71	16.29
8/16/2010	49.71	49.71	0
8/17/2010	52	47.57	4.43
8/18/2010	49	47.57	1.43
8/19/2010	47.57	47.57	0
8/20/2010	107.3	47.57	59.73
8/21/2010	454.07	47.57	406.5
8/22/2010	104.36	31	73.36
8/23/2010	42	31	11
8/24/2010	36	31	5
8/25/2010	32	31	1
8/26/2010	31	31	0
8/27/2010	30	19.16	10.84
8/28/2010	26	19.16	6.84
8/29/2010	19.16	19.16	0
8/30/2010	23	19.16	3.84
8/31/2010	21	19.16	1.84
9/1/2010	371.45	39	332.45
9/2/2010	94.85	39	55.85
9/3/2010	159.23	39	120.23
9/4/2010	81.44	39	42.44
9/5/2010	39	39	0
9/6/2010	131.84	25	106.84
9/7/2010	56.3	25	31.3
9/8/2010	34	25	9
9/9/2010	30	25	5
9/10/2010	25	25	0
9/11/2010	255.41	27	228.41
9/12/2010	76	27	49
9/13/2010	44	27	17
9/14/2010	32	27	5
9/15/2010	27	27	0
9/16/2010	27	25	2
9/17/2010	25	25	0
9/18/2010	134	25	109
9/19/2010	61	25	36
9/20/2010	37	25	12
9/21/2010	49	27.43	21.57
9/22/2010	45	27.43	17.57
9/23/2010	28	27.43	0.57
9/24/2010	27.43	27.43	0
9/25/2010	32.7	27.43	5.27
9/26/2010	16.34	13.66	2.68
9/27/2010	20	13.66	6.34
9/28/2010	20	13.66	6.34
9/29/2010	13.66	13.66	0
9/30/2010	18	13.66	4.34
10/1/2010	19	18	1
10/2/2010	21	18	3
10/3/2010	18	18	0
10/4/2010	18	18	0
10/5/2010	18	18	0
10/6/2010	18	14	4
10/7/2010	15	14	1
10/8/2010	17	14	3
10/9/2010	14	14	0
10/10/2010	14	14	0
10/11/2010	15	13	2
10/12/2010	15	13	2
10/13/2010	14	13	1
10/14/2010	13	13	0
10/15/2010	13	13	0
10/16/2010	13	12	1
10/17/2010	13	12	1
10/18/2010	13	12	1
10/19/2010	13	12	1
10/20/2010	12	12	0
10/21/2010	13	13	0
10/22/2010	13	13	0
10/23/2010	18	13	5
10/24/2010	314.81	13	301.81
10/25/2010	101	13	88
10/26/2010	192.66	25	167.66
10/27/2010	90	25	65
10/28/2010	43	25	18
10/29/2010	30	25	5
10/30/2010	25	25	0
10/31/2010	23	19	4
11/1/2010	20	19	1
11/2/2010	20	19	1
11/3/2010	19	19	0
11/4/2010	19	19	0
11/5/2010	19	18	1
11/6/2010	18	18	0
11/7/2010	19	18	1
11/8/2010	18	18	0
11/9/2010	18	18	0
11/10/2010	18	17	1
11/11/2010	17	17	0
11/12/2010	17	17	0
11/13/2010	21	17	4
11/14/2010	23	17	6
11/15/2010	20	17	3
11/16/2010	21	17	4
11/17/2010	19	17	2
11/18/2010	17	17	0
11/19/2010	17	17	0
11/20/2010	17	17	0
11/21/2010	19	17	2
11/22/2010	96	17	79
11/23/2010	43	17	26
11/24/2010	49	17	32
11/25/2010	119	27	92
11/26/2010	43	27	16
11/27/2010	28	27	1
11/28/2010	27	27	0
11/29/2010	34	27	7
11/30/2010	81	23	58
12/1/2010	37	23	14
12/2/2010	27	23	4
12/3/2010	23	23	0
12/4/2010	27	23	4
12/5/2010	32	26	6
12/6/2010	30	26	4
12/7/2010	27	26	1
12/8/2010	26	26	0
12/9/2010	27	26	1
12/10/2010	32	32	0
12/11/2010	249.3	32	217.3
12/12/2010	365.62	32	333.62
12/13/2010	142	32	110
12/14/2010	88	32	56
12/15/2010	64	33	31
12/16/2010	51	33	18
12/17/2010	43	33	10
12/18/2010	39	33	6
12/19/2010	33	33	0
12/20/2010	33	33	0
12/21/2010	40	33	7
12/22/2010	38	33	5
12/23/2010	37	33	4
12/24/2010	36	33	3
12/25/2010	36	33	3
12/26/2010	34	33	1
12/27/2010	34	33	1
12/28/2010	33	33	0
12/29/2010	33	33	0
12/30/2010	44	44	0
12/31/2010	82	44	38
1/1/2011	69	44	25
1/2/2011	59	44	15
1/3/2011	51	44	7
1/4/2011	45	37	8
1/5/2011	42	37	5
1/6/2011	40	37	3
1/7/2011	38	37	1
1/8/2011	37	37	0
1/9/2011	36	34	2
1/10/2011	36	34	2
1/11/2011	34	34	0
1/12/2011	34	34	0
1/13/2011	34	34	0
1/14/2011	34	34	0
1/15/2011	34	34	0
1/16/2011	34	34	0
1/17/2011	36	34	2
1/18/2011	37	34	3
1/19/2011	33	30	3
1/20/2011	32	30	2
1/21/2011	31	30	1
1/22/2011	30	30	0
1/23/2011	30	30	0
1/24/2011	30	30	0
1/25/2011	30	30	0
1/26/2011	31	30	1
1/27/2011	31	30	1
1/28/2011	32	30	2
1/29/2011	33	24	9
1/30/2011	33	24	9
1/31/2011	30	24	6
2/1/2011	27	24	3
2/2/2011	24	24	0
2/3/2011	30	30	0
2/4/2011	32	30	2
2/5/2011	34	30	4
2/6/2011	34	30	4
2/7/2011	31.59	30	1.59
2/8/2011	31	30	1
2/9/2011	30	30	0
2/10/2011	30	30	0
2/11/2011	32	30	2
2/12/2011	59	30	29
2/13/2011	88	65	23
2/14/2011	110	65	45
2/15/2011	65	65	0
2/16/2011	97	65	32
2/17/2011	226.06	65	161.06
2/18/2011	492.18	145	347.18
2/19/2011	344.78	145	199.78
2/20/2011	221.54	145	76.54
2/21/2011	170	145	25
2/22/2011	145	145	0
2/23/2011	120	93	27
2/24/2011	110	93	17
2/25/2011	104	93	11
2/26/2011	95	93	2
2/27/2011	93	93	0
2/28/2011	91	87	4
3/1/2011	95	87	8
3/2/2011	101	87	14
3/3/2011	87	87	0
3/4/2011	139	87	52
3/5/2011	182	112	70
3/6/2011	126	112	14
3/7/2011	112	112	0
3/8/2011	129	112	17
3/9/2011	224	112	112
3/10/2011	196.17	196.17	0
3/11/2011	274.27	196.17	78.1
3/12/2011	307.6	196.17	111.43
3/13/2011	310.85	196.17	114.68
3/14/2011	256.86	196.17	60.69
3/15/2011	250.95	250.95	0
3/16/2011	288.73	250.95	37.78
3/17/2011	503.71	250.95	252.76
3/18/2011	644.7	250.95	393.75
3/19/2011	458.74	250.95	207.79
3/20/2011	845.01	845.01	0
3/21/2011	1109.64	845.01	264.63
3/22/2011	1012.2	845.01	167.19
3/23/2011	1558.65	845.01	713.64
3/24/2011	1014.41	845.01	169.4
3/25/2011	718.79	231.46	487.33
3/26/2011	498.13	231.46	266.67
3/27/2011	346.69	231.46	115.23
3/28/2011	274.95	231.46	43.49
3/29/2011	231.46	231.46	0
3/30/2011	182	129	53
3/31/2011	157	129	28
4/1/2011	140	129	11
4/2/2011	129	129	0
4/3/2011	253.52	129	124.52
4/4/2011	665.43	256.94	408.49
4/5/2011	637.08	256.94	380.14
4/6/2011	505.33	256.94	248.39
4/7/2011	381.4	256.94	124.46
4/8/2011	256.94	256.94	0
4/9/2011	214.14	127	87.14
4/10/2011	198.85	127	71.85
4/11/2011	255.71	127	128.71
4/12/2011	148	127	21
4/13/2011	127	127	0
4/14/2011	114	114	0
4/15/2011	217	114	103
4/16/2011	499.2	114	385.2
4/17/2011	365.71	114	251.71
4/18/2011	183.09	114	69.09
4/19/2011	417.68	376.53	41.15
4/20/2011	564.43	376.53	187.9
4/21/2011	392.85	376.53	16.32
4/22/2011	376.53	376.53	0
4/23/2011	531.72	376.53	155.19
4/24/2011	412.54	270.86	141.68
4/25/2011	270.86	270.86	0
4/26/2011	1245.51	270.86	974.65
4/27/2011	900.72	270.86	629.86
4/28/2011	718.06	270.86	447.2
4/29/2011	522.46	183	339.46
4/30/2011	418.81	183	235.81
5/1/2011	306.64	183	123.64
5/2/2011	223.39	183	40.39
5/3/2011	183	183	0
5/4/2011	158	116	42
5/5/2011	141	116	25
5/6/2011	146	116	30
5/7/2011	128	116	12
5/8/2011	116	116	0
5/9/2011	154	119	35
5/10/2011	119	119	0
5/11/2011	126	119	7
5/12/2011	121	119	2
5/13/2011	121	119	2
5/14/2011	137	96	41
5/15/2011	174	96	78
5/16/2011	112	96	16
5/17/2011	96	96	0
5/18/2011	102	96	6
5/19/2011	93	89	4
5/20/2011	89	89	0
5/21/2011	132	89	43
5/22/2011	167	89	78
5/23/2011	329.52	89	240.52
5/24/2011	158	140	18
5/25/2011	335.28	140	195.28
5/26/2011	271.89	140	131.89
5/27/2011	191	140	51
5/28/2011	140	140	0
5/29/2011	134	65	69
5/30/2011	114	65	49
5/31/2011	97	65	32
6/1/2011	83	65	18
6/2/2011	65	65	0
6/3/2011	55	43	12
6/4/2011	49	43	6
6/5/2011	43	43	0
6/6/2011	120	43	77
6/7/2011	95	43	52
6/8/2011	158	123	35
6/9/2011	485.43	123	362.43
6/10/2011	283	123	160
6/11/2011	167	123	44
6/12/2011	123	123	0
6/13/2011	97	75	22
6/14/2011	75	75	0
6/15/2011	131	75	56
6/16/2011	171	75	96
6/17/2011	91	75	16
6/18/2011	64	64	0
6/19/2011	146	64	82
6/20/2011	306.06	64	242.06
6/21/2011	1137.67	64	1073.67
6/22/2011	1471.19	64	1407.19
6/23/2011	594.27	138	456.27
6/24/2011	410.37	138	272.37
6/25/2011	231.93	138	93.93
6/26/2011	196.22	138	58.22
6/27/2011	138	138	0
6/28/2011	106	49	57
6/29/2011	83	49	34
6/30/2011	65	49	16
7/1/2011	55	49	6
7/2/2011	49	49	0
7/3/2011	43	27	16
7/4/2011	37	27	10
7/5/2011	33	27	6
7/6/2011	30	27	3
7/7/2011	27	27	0
7/8/2011	27	24	3
7/9/2011	25	24	1
7/10/2011	24	24	0
7/11/2011	152	24	128
7/12/2011	51	24	27
7/13/2011	28	20	8
7/14/2011	25	20	5
7/15/2011	23	20	3
7/16/2011	23	20	3
7/17/2011	20	20	0
7/18/2011	21	21	0
7/19/2011	21	21	0
7/20/2011	55	21	34
7/21/2011	27	21	6
7/22/2011	70	21	49
7/23/2011	68	21	47
7/24/2011	40	21	19
7/25/2011	27	21	6
7/26/2011	21	21	0
7/27/2011	410.76	21	389.76
7/28/2011	721.25	97	624.25
7/29/2011	398.94	97	301.94
7/30/2011	289.09	97	192.09
7/31/2011	163	97	66
8/1/2011	97	97	0
8/2/2011	82	33	49
8/3/2011	83	33	50
8/4/2011	46	33	13
8/5/2011	38	33	5
8/6/2011	33	33	0
8/7/2011	140	27	113
8/8/2011	61	27	34
8/9/2011	43	27	16
8/10/2011	31	27	4
8/11/2011	27	27	0
8/12/2011	24	24	0
8/13/2011	81	24	57
8/14/2011	94	24	70
8/15/2011	44	24	20
8/16/2011	34	24	10
8/17/2011	26	20	6
8/18/2011	23	20	3
8/19/2011	20	20	0
8/20/2011	25	20	5
8/21/2011	24	20	4
8/22/2011	19	17	2
8/23/2011	34	17	17
8/24/2011	25	17	8
8/25/2011	19	17	2
8/26/2011	17	17	0
8/27/2011	18	13	5
8/28/2011	15	13	2
8/29/2011	13	13	0
8/30/2011	14	13	1
8/31/2011	20	13	7
9/1/2011	18	15	3
9/2/2011	15	15	0
9/3/2011	180	15	165
9/4/2011	59	15	44
9/5/2011	25	15	10
9/6/2011	20	13	7
9/7/2011	17	13	4
9/8/2011	14	13	1
9/9/2011	13	13	0
9/10/2011	13	13	0
9/11/2011	12	10	2
9/12/2011	13	10	3
9/13/2011	12	10	2
9/14/2011	12	10	2
9/15/2011	10	10	0
9/16/2011	10	10	0
9/17/2011	10	10	0
9/18/2011	53	10	43
9/19/2011	190	10	180
9/20/2011	40	10	30
9/21/2011	26	18	8
9/22/2011	20	18	2
9/23/2011	18	18	0
9/24/2011	123	18	105
9/25/2011	306.07	18	288.07
9/26/2011	560.13	283.41	276.72
9/27/2011	283.41	283.41	0
9/28/2011	514.05	283.41	230.64
9/29/2011	306.84	283.41	23.43
9/30/2011	308.67	283.41	25.26
