Date	Total Discharge (cfs)	Baseflow (cfs)	Stormflow (cfs)
12/1/1974	1.7	1.6	0.1
12/2/1974	1.8	1.6	0.2
12/3/1974	1.6	1.6	0
12/4/1974	1.5	1.4	0.1
12/5/1974	1.4	1.4	0
12/6/1974	1.5	1.4	0.1
12/7/1974	1.8	1.7	0.1
12/8/1974	2.1	1.7	0.4
12/9/1974	1.7	1.7	0
12/10/1974	1.7	1.5	0.2
12/11/1974	1.6	1.5	0.1
12/12/1974	1.5	1.5	0
12/13/1974	1.5	1.5	0
12/14/1974	2.5	1.5	1
12/15/1974	15	1.5	13.5
12/16/1974	14	5.8	8.2
12/17/1974	8.6	5.8	2.8
12/18/1974	5.8	5.8	0
12/19/1974	4.8	3.8	1
12/20/1974	4.1	3.8	0.3
12/21/1974	3.8	3.8	0
12/22/1974	3.3	2.8	0.5
12/23/1974	3.2	2.8	0.4
12/24/1974	2.8	2.8	0
12/25/1974	2.5	2.2	0.3
12/26/1974	2.2	2.2	0
12/27/1974	2.3	2.2	0.1
12/28/1974	2.3	2.2	0.1
12/29/1974	2.3	2.2	0.1
12/30/1974	2.2	2.2	0
12/31/1974	2.1	1.9	0.2
1/1/1975	2.1	1.9	0.2
1/2/1975	1.9	1.9	0
1/3/1975	2.1	1.9	0.2
1/4/1975	1.9	1.9	0
1/5/1975	1.9	1.9	0
1/6/1975	2	2	0
1/7/1975	2	2	0
1/8/1975	2.3	2	0.3
1/9/1975	2.2	2.2	0
1/10/1975	22	2.2	19.8
1/11/1975	11	2.2	8.8
1/12/1975	11	6	5
1/13/1975	10	6	4
1/14/1975	6	6	0
1/15/1975	3.8	2.7	1.1
1/16/1975	3.1	2.7	0.4
1/17/1975	2.7	2.7	0
1/18/1975	2.7	2.3	0.4
1/19/1975	2.4	2.3	0.1
1/20/1975	2.3	2.3	0
1/21/1975	2.3	1.8	0.5
1/22/1975	1.8	1.8	0
1/23/1975	1.8	1.8	0
1/24/1975	2.1	2.1	0
1/25/1975	3.5	2.1	1.4
1/26/1975	2.8	2.1	0.7
1/27/1975	2.3	2.2	0.1
1/28/1975	2.2	2.2	0
1/29/1975	3	2.2	0.8
1/30/1975	2.2	1.9	0.3
1/31/1975	2	1.9	0.1
2/1/1975	1.9	1.9	0
2/2/1975	1.8	1.7	0.1
2/3/1975	1.8	1.7	0.1
2/4/1975	1.7	1.7	0
2/5/1975	1.8	1.7	0.1
2/6/1975	1.7	1.7	0
2/7/1975	1.7	1.7	0
2/8/1975	1.6	1.3	0.3
2/9/1975	1.3	1.3	0
2/10/1975	1.3	1.3	0
2/11/1975	1.4	1.4	0
2/12/1975	1.4	1.4	0
2/13/1975	1.4	1.4	0
2/14/1975	1.3	1.3	0
2/15/1975	1.4	1.3	0.1
2/16/1975	1.4	1.3	0.1
2/17/1975	1.5	1.5	0
2/18/1975	1.7	1.5	0.2
2/19/1975	1.7	1.5	0.2
2/20/1975	1.6	1.5	0.1
2/21/1975	1.5	1.5	0
2/22/1975	1.5	1.5	0
2/23/1975	1.5	1.5	0
2/24/1975	5	1.5	3.5
2/25/1975	7	1.5	5.5
2/26/1975	6.6	3.4	3.2
2/27/1975	4.5	3.4	1.1
2/28/1975	3.4	3.4	0
3/1/1975	3	2.3	0.7
3/2/1975	2.8	2.3	0.5
3/3/1975	2.3	2.3	0
3/4/1975	2.2	2	0.2
3/5/1975	2	2	0
3/6/1975	2	2	0
3/7/1975	2	1.8	0.2
3/8/1975	1.8	1.8	0
3/9/1975	1.8	1.8	0
3/10/1975	1.8	1.7	0.1
3/11/1975	1.7	1.7	0
3/12/1975	1.8	1.7	0.1
3/13/1975	1.8	1.7	0.1
3/14/1975	1.7	1.7	0
3/15/1975	1.7	1.7	0
3/16/1975	1.9	1.9	0
3/17/1975	3.5	1.9	1.6
3/18/1975	27	1.9	25.1
3/19/1975	95	77	18
3/20/1975	88	77	11
3/21/1975	77	77	0
3/22/1975	127	55	72
3/23/1975	55	55	0
3/24/1975	55	55	0
3/25/1975	34	16	18
3/26/1975	22	16	6
3/27/1975	16	16	0
3/28/1975	15	15	0
3/29/1975	22	15	7
3/30/1975	17	15	2
3/31/1975	19	14	5
4/1/1975	19	14	5
4/2/1975	14	14	0
4/3/1975	11	10	1
4/4/1975	10	10	0
4/5/1975	10	10	0
4/6/1975	11	11	0
4/7/1975	17	11	6
4/8/1975	19	11	8
4/9/1975	16	12	4
4/10/1975	13	12	1
4/11/1975	12	12	0
4/12/1975	11	9.3	1.7
4/13/1975	9.8	9.3	0.5
4/14/1975	9.3	9.3	0
4/15/1975	9.1	8.4	0.7
4/16/1975	8.8	8.4	0.4
4/17/1975	8.4	8.4	0
4/18/1975	9.1	8.6	0.5
4/19/1975	11	8.6	2.4
4/20/1975	8.6	8.6	0
4/21/1975	7	6.8	0.2
4/22/1975	6.8	6.8	0
4/23/1975	7.9	6.8	1.1
4/24/1975	7.9	5.6	2.3
4/25/1975	6.6	5.6	1
4/26/1975	5.6	5.6	0
4/27/1975	5.6	5.6	0
4/28/1975	45	5.6	39.4
4/29/1975	32	5.6	26.4
4/30/1975	23	13	10
5/1/1975	17	13	4
5/2/1975	13	13	0
5/3/1975	11	8.1	2.9
5/4/1975	9.6	8.1	1.5
5/5/1975	8.1	8.1	0
5/6/1975	7	5.4	1.6
5/7/1975	6.2	5.4	0.8
5/8/1975	5.4	5.4	0
5/9/1975	5	4.3	0.7
5/10/1975	4.5	4.3	0.2
5/11/1975	4.3	4.3	0
5/12/1975	4.3	3.8	0.5
5/13/1975	3.8	3.8	0
5/14/1975	3.8	3.8	0
5/15/1975	3.6	3.3	0.3
5/16/1975	3.5	3.3	0.2
5/17/1975	3.3	3.3	0
5/18/1975	3.2	3	0.2
5/19/1975	3.2	3	0.2
5/20/1975	3	3	0
5/21/1975	2.9	2.8	0.1
5/22/1975	2.8	2.8	0
5/23/1975	2.8	2.8	0
5/24/1975	7.2	3.6	3.6
5/25/1975	4.3	3.6	0.7
5/26/1975	3.6	3.6	0
5/27/1975	2.9	2.3	0.6
5/28/1975	2.6	2.3	0.3
5/29/1975	2.3	2.3	0
5/30/1975	2.2	1.8	0.4
5/31/1975	2.1	1.8	0.3
6/1/1975	1.8	1.8	0
6/2/1975	1.6	1.5	0.1
6/3/1975	1.5	1.5	0
6/4/1975	1.7	1.5	0.2
6/5/1975	2.6	1.5	1.1
6/6/1975	1.8	1.5	0.3
6/7/1975	1.5	1.5	0
6/8/1975	1.3	0.73	0.57
6/9/1975	1.1	0.73	0.37
6/10/1975	0.73	0.73	0
6/11/1975	0.73	0.73	0
6/12/1975	1.4	0.73	0.67
6/13/1975	1.2	0.73	0.47
6/14/1975	1.1	1.1	0
6/15/1975	4.6	1.1	3.5
6/16/1975	3.6	1.1	2.5
6/17/1975	10	6.2	3.8
6/18/1975	9.6	6.2	3.4
6/19/1975	6.2	6.2	0
6/20/1975	4.3	2.6	1.7
6/21/1975	3.3	2.6	0.7
6/22/1975	2.6	2.6	0
6/23/1975	3.8	3.2	0.6
6/24/1975	3.8	3.2	0.6
6/25/1975	3.2	3.2	0
6/26/1975	2.6	1.8	0.8
6/27/1975	2	1.8	0.2
6/28/1975	1.8	1.8	0
6/29/1975	1.5	1.1	0.4
6/30/1975	1.3	1.1	0.2
7/1/1975	1.1	1.1	0
7/2/1975	1	0.85	0.15
7/3/1975	0.97	0.85	0.12
7/4/1975	0.85	0.85	0
7/5/1975	0.8	0.8	0
7/6/1975	1	0.8	0.2
7/7/1975	1.2	0.8	0.4
7/8/1975	0.97	0.74	0.23
7/9/1975	0.85	0.74	0.11
7/10/1975	0.74	0.74	0
7/11/1975	0.8	0.8	0
7/12/1975	0.91	0.8	0.11
7/13/1975	0.8	0.8	0
7/14/1975	0.74	0.62	0.12
7/15/1975	0.68	0.62	0.06
7/16/1975	0.62	0.62	0
7/17/1975	0.57	0.57	0
7/18/1975	1.7	0.57	1.13
7/19/1975	2.2	0.57	1.63
7/20/1975	2.2	1	1.2
7/21/1975	1.4	1	0.4
7/22/1975	1	1	0
7/23/1975	3	3	0
7/24/1975	17	3	14
7/25/1975	5.4	3	2.4
7/26/1975	3.2	1.7	1.5
7/27/1975	2.2	1.7	0.5
7/28/1975	1.7	1.7	0
7/29/1975	1.3	0.97	0.33
7/30/1975	1.1	0.97	0.13
7/31/1975	0.97	0.97	0
8/1/1975	0.91	0.91	0
8/2/1975	1.3	0.91	0.39
8/3/1975	1.6	0.91	0.69
8/4/1975	1.1	0.91	0.19
8/5/1975	0.97	0.91	0.06
8/6/1975	0.91	0.91	0
8/7/1975	0.8	0.62	0.18
8/8/1975	0.68	0.62	0.06
8/9/1975	0.62	0.62	0
8/10/1975	0.62	0.62	0
8/11/1975	0.62	0.62	0
8/12/1975	0.62	0.62	0
8/13/1975	0.62	0.53	0.09
8/14/1975	0.57	0.53	0.04
8/15/1975	0.53	0.53	0
8/16/1975	0.5	0.5	0
8/17/1975	0.51	0.5	0.01
8/18/1975	0.57	0.5	0.07
8/19/1975	0.61	0.61	0
8/20/1975	0.74	0.61	0.13
8/21/1975	0.78	0.61	0.17
8/22/1975	5.2	5.2	0
8/23/1975	18	5.2	12.8
8/24/1975	7.8	5.2	2.6
8/25/1975	8.1	3.5	4.6
8/26/1975	5.6	3.5	2.1
8/27/1975	3.5	3.5	0
8/28/1975	2.3	2.3	0
8/29/1975	4.1	2.3	1.8
8/30/1975	5.7	2.3	3.4
8/31/1975	4.6	2.4	2.2
9/1/1975	3.3	2.4	0.9
9/2/1975	2.4	2.4	0
9/3/1975	1.9	1.5	0.4
9/4/1975	1.5	1.5	0
9/5/1975	1.7	1.5	0.2
9/6/1975	1.7	1.1	0.6
9/7/1975	1.4	1.1	0.3
9/8/1975	1.1	1.1	0
9/9/1975	0.96	0.85	0.11
9/10/1975	0.91	0.85	0.06
9/11/1975	0.85	0.85	0
9/12/1975	0.78	0.65	0.13
9/13/1975	0.68	0.65	0.03
9/14/1975	0.65	0.65	0
9/15/1975	0.58	0.58	0
9/16/1975	0.58	0.58	0
9/17/1975	0.59	0.58	0.01
9/18/1975	0.56	0.51	0.05
9/19/1975	0.56	0.51	0.05
9/20/1975	0.51	0.51	0
9/21/1975	0.54	0.53	0.01
9/22/1975	0.53	0.53	0
9/23/1975	0.55	0.53	0.02
9/24/1975	0.62	0.22	0.4
9/25/1975	0.34	0.22	0.12
9/26/1975	0.22	0.22	0
9/27/1975	0.17	0.17	0
9/28/1975	0.17	0.17	0
9/29/1975	0.28	0.17	0.11
9/30/1975	0.4	0.29	0.11
10/1/1975	0.33	0.29	0.04
10/2/1975	0.29	0.29	0
10/3/1975	0.25	0.25	0
10/4/1975	0.25	0.25	0
10/5/1975	0.27	0.25	0.02
10/6/1975	0.43	0.4	0.03
10/7/1975	0.43	0.4	0.03
10/8/1975	0.4	0.4	0
10/9/1975	0.47	0.47	0
10/10/1975	0.5	0.47	0.03
10/11/1975	0.47	0.47	0
10/12/1975	0.53	0.53	0
10/13/1975	0.65	0.53	0.12
10/14/1975	0.75	0.53	0.22
10/15/1975	1.1	0.32	0.78
10/16/1975	0.54	0.32	0.22
10/17/1975	0.32	0.32	0
10/18/1975	0.49	0.48	0.01
10/19/1975	0.62	0.48	0.14
10/20/1975	0.48	0.48	0
10/21/1975	0.47	0.42	0.05
10/22/1975	0.42	0.42	0
10/23/1975	0.42	0.42	0
10/24/1975	0.51	0.51	0
10/25/1975	0.51	0.51	0
10/26/1975	0.51	0.51	0
10/27/1975	0.53	0.51	0.02
10/28/1975	0.51	0.51	0
10/29/1975	0.51	0.51	0
10/30/1975	0.53	0.53	0
10/31/1975	0.55	0.53	0.02
11/1/1975	0.6	0.53	0.07
11/2/1975	1.5	1.5	0
11/3/1975	3	1.5	1.5
11/4/1975	2	1.5	0.5
11/5/1975	1	0.9	0.1
11/6/1975	0.96	0.9	0.06
11/7/1975	0.9	0.9	0
11/8/1975	1.2	1.2	0
11/9/1975	2.5	1.2	1.3
11/10/1975	9	1.2	7.8
11/11/1975	3	1.4	1.6
11/12/1975	2	1.4	0.6
11/13/1975	1.4	1.4	0
11/14/1975	1	0.92	0.08
11/15/1975	0.97	0.92	0.05
11/16/1975	0.92	0.92	0
11/17/1975	0.89	0.84	0.05
11/18/1975	0.84	0.84	0
11/19/1975	1.2	0.84	0.36
11/20/1975	2.1	1.9	0.2
11/21/1975	2.3	1.9	0.4
11/22/1975	1.9	1.9	0
11/23/1975	1.6	1.6	0
11/24/1975	1.6	1.6	0
11/25/1975	1.6	1.6	0
11/26/1975	1.6	1.5	0.1
11/27/1975	1.5	1.5	0
11/28/1975	1.8	1.5	0.3
11/29/1975	15	12	3
11/30/1975	30	12	18
12/1/1975	12	12	0
12/2/1975	8.3	5.1	3.2
12/3/1975	6.1	5.1	1
12/4/1975	5.1	5.1	0
12/5/1975	5	4	1
12/6/1975	4.8	4	0.8
12/7/1975	4	4	0
12/8/1975	3.6	3.1	0.5
12/9/1975	3.4	3.1	0.3
12/10/1975	3.1	3.1	0
12/11/1975	3	2.9	0.1
12/12/1975	2.9	2.9	0
12/13/1975	5.7	2.9	2.8
12/14/1975	20	9	11
12/15/1975	13	9	4
12/16/1975	9	9	0
12/17/1975	6	2.6	3.4
12/18/1975	4.5	2.6	1.9
12/19/1975	2.6	2.6	0
12/20/1975	2.6	2.3	0.3
12/21/1975	2.5	2.3	0.2
12/22/1975	2.3	2.3	0
12/23/1975	2.3	2.1	0.2
12/24/1975	2.2	2.1	0.1
12/25/1975	2.1	2.1	0
12/26/1975	2.1	2	0.1
12/27/1975	2.1	2	0.1
12/28/1975	2	2	0
12/29/1975	1.9	1.8	0.1
12/30/1975	1.9	1.8	0.1
12/31/1975	1.8	1.8	0
1/1/1976	1.8	1.8	0
1/2/1976	1.8	1.8	0
1/3/1976	1.8	1.8	0
1/4/1976	1.6	1.3	0.3
1/5/1976	1.4	1.3	0.1
1/6/1976	1.3	1.3	0
1/7/1976	1.3	1.3	0
1/8/1976	1.3	1.3	0
1/9/1976	1.3	1.3	0
1/10/1976	1.2	1.2	0
1/11/1976	1.2	1.2	0
1/12/1976	1.2	1.2	0
1/13/1976	1.2	1.2	0
1/14/1976	1.2	1.2	0
1/15/1976	1.2	1.2	0
1/16/1976	1.3	1.1	0.2
1/17/1976	1.2	1.1	0.1
1/18/1976	1.1	1.1	0
1/19/1976	1.1	1.1	0
1/20/1976	1.2	1.1	0.1
1/21/1976	1.2	1.1	0.1
1/22/1976	1.2	1.2	0
1/23/1976	1.2	1.2	0
1/24/1976	1.3	1.2	0.1
1/25/1976	1.3	1.3	0
1/26/1976	1.3	1.3	0
1/27/1976	1.3	1.3	0
1/28/1976	1.3	1.3	0
1/29/1976	1.4	1.3	0.1
1/30/1976	1.4	1.3	0.1
1/31/1976	1.4	1.3	0.1
2/1/1976	1.4	1.3	0.1
2/2/1976	1.3	1.3	0
2/3/1976	1.4	1.3	0.1
2/4/1976	1.4	1.3	0.1
2/5/1976	1.3	1.3	0
2/6/1976	1.3	1.3	0
2/7/1976	1.3	1.3	0
2/8/1976	1.3	1.3	0
2/9/1976	1.4	1.4	0
2/10/1976	1.5	1.4	0.1
2/11/1976	1.6	1.4	0.2
2/12/1976	2	2	0
2/13/1976	9.9	2	7.9
2/14/1976	7.8	2	5.8
2/15/1976	25	13	12
2/16/1976	16	13	3
2/17/1976	13	13	0
2/18/1976	32	18	14
2/19/1976	27	18	9
2/20/1976	18	18	0
2/21/1976	14	11	3
2/22/1976	13	11	2
2/23/1976	11	11	0
2/24/1976	10	10	0
2/25/1976	12	10	2
2/26/1976	26	10	16
2/27/1976	40	28	12
2/28/1976	34	28	6
2/29/1976	28	28	0
3/1/1976	20	20	0
3/2/1976	26	20	6
3/3/1976	32	20	12
3/4/1976	70	65	5
3/5/1976	154	65	89
3/6/1976	65	65	0
3/7/1976	46	28	18
3/8/1976	33	28	5
3/9/1976	28	28	0
3/10/1976	27	23	4
3/11/1976	23	23	0
3/12/1976	55	23	32
3/13/1976	52	24	28
3/14/1976	32	24	8
3/15/1976	24	24	0
3/16/1976	19	14	5
3/17/1976	15	14	1
3/18/1976	14	14	0
3/19/1976	15	14	1
3/20/1976	16	14	2
3/21/1976	14	14	0
3/22/1976	10	9.2	0.8
3/23/1976	9.8	9.2	0.6
3/24/1976	9.2	9.2	0
3/25/1976	8.2	8.2	0
3/26/1976	9	8.2	0.8
3/27/1976	55	8.2	46.8
3/28/1976	28	21	7
3/29/1976	21	21	0
3/30/1976	24	21	3
3/31/1976	20	14	6
4/1/1976	17	14	3
4/2/1976	14	14	0
4/3/1976	12	9.2	2.8
4/4/1976	10	9.2	0.8
4/5/1976	9.2	9.2	0
4/6/1976	8.2	6.3	1.9
4/7/1976	7.2	6.3	0.9
4/8/1976	6.3	6.3	0
4/9/1976	5.7	5.5	0.2
4/10/1976	5.5	5.5	0
4/11/1976	6.2	5.5	0.7
4/12/1976	5.3	4.9	0.4
4/13/1976	5	4.9	0.1
4/14/1976	4.9	4.9	0
4/15/1976	6.9	6.9	0
4/16/1976	8.5	6.9	1.6
4/17/1976	7.2	6.9	0.3
4/18/1976	6.2	5	1.2
4/19/1976	5.3	5	0.3
4/20/1976	5	5	0
4/21/1976	7.1	6.5	0.6
4/22/1976	8.2	6.5	1.7
4/23/1976	6.5	6.5	0
4/24/1976	51	44	7
4/25/1976	81	44	37
4/26/1976	44	44	0
4/27/1976	29	16	13
4/28/1976	20	16	4
4/29/1976	16	16	0
4/30/1976	13	10	3
5/1/1976	12	10	2
5/2/1976	10	10	0
5/3/1976	9	7.8	1.2
5/4/1976	7.8	7.8	0
5/5/1976	9.5	7.8	1.7
5/6/1976	15	8.6	6.4
5/7/1976	11	8.6	2.4
5/8/1976	8.6	8.6	0
5/9/1976	7.6	6.5	1.1
5/10/1976	6.9	6.5	0.4
5/11/1976	6.5	6.5	0
5/12/1976	5.1	4.7	0.4
5/13/1976	4.9	4.7	0.2
5/14/1976	4.7	4.7	0
5/15/1976	6.4	6.4	0
5/16/1976	11	6.4	4.6
5/17/1976	8.3	6.4	1.9
5/18/1976	6.3	5.1	1.2
5/19/1976	5.6	5.1	0.5
5/20/1976	5.1	5.1	0
5/21/1976	4.2	3.5	0.7
5/22/1976	3.8	3.5	0.3
5/23/1976	3.5	3.5	0
5/24/1976	3.3	2.8	0.5
5/25/1976	3	2.8	0.2
5/26/1976	2.8	2.8	0
5/27/1976	2.5	2.5	0
5/28/1976	2.7	2.5	0.2
5/29/1976	5.5	2.5	3
5/30/1976	4.9	4.1	0.8
5/31/1976	4.7	4.1	0.6
6/1/1976	4.1	4.1	0
6/2/1976	3.4	2.5	0.9
6/3/1976	2.8	2.5	0.3
6/4/1976	2.5	2.5	0
6/5/1976	2.2	1.8	0.4
6/6/1976	2.1	1.8	0.3
6/7/1976	1.8	1.8	0
6/8/1976	1.6	1.4	0.2
6/9/1976	1.4	1.4	0
6/10/1976	1.4	1.4	0
6/11/1976	1.3	1.3	0
6/12/1976	1.4	1.3	0.1
6/13/1976	1.6	1.3	0.3
6/14/1976	3.7	1.8	1.9
6/15/1976	2.5	1.8	0.7
6/16/1976	1.8	1.8	0
6/17/1976	1.6	1.4	0.2
6/18/1976	1.5	1.4	0.1
6/19/1976	1.4	1.4	0
6/20/1976	1.3	1.1	0.2
6/21/1976	1.2	1.1	0.1
6/22/1976	1.1	1.1	0
6/23/1976	1.2	1.2	0
6/24/1976	1.2	1.2	0
6/25/1976	1.3	1.2	0.1
6/26/1976	1.1	1	0.1
6/27/1976	1	1	0
6/28/1976	1.1	1	0.1
6/29/1976	0.98	0.94	0.04
6/30/1976	1.1	0.94	0.16
7/1/1976	0.94	0.94	0
7/2/1976	0.81	0.69	0.12
7/3/1976	0.73	0.69	0.04
7/4/1976	0.69	0.69	0
7/5/1976	0.64	0.6	0.04
7/6/1976	0.61	0.6	0.01
7/7/1976	0.6	0.6	0
7/8/1976	0.6	0.54	0.06
7/9/1976	0.57	0.54	0.03
7/10/1976	0.54	0.54	0
7/11/1976	0.5	0.46	0.04
7/12/1976	0.47	0.46	0.01
7/13/1976	0.46	0.46	0
7/14/1976	0.44	0.4	0.04
7/15/1976	0.42	0.4	0.02
7/16/1976	0.4	0.4	0
7/17/1976	0.37	0.32	0.05
7/18/1976	0.32	0.32	0
7/19/1976	0.32	0.32	0
7/20/1976	0.39	0.3	0.09
7/21/1976	0.35	0.3	0.05
7/22/1976	0.3	0.3	0
7/23/1976	0.34	0.18	0.16
7/24/1976	0.28	0.18	0.1
7/25/1976	0.18	0.18	0
7/26/1976	0.17	0.17	0
7/27/1976	0.17	0.17	0
7/28/1976	0.28	0.17	0.11
7/29/1976	0.28	0.28	0
7/30/1976	1.4	0.28	1.12
7/31/1976	0.86	0.28	0.58
8/1/1976	2.8	0.98	1.82
8/2/1976	1.6	0.98	0.62
8/3/1976	0.98	0.98	0
8/4/1976	0.77	0.66	0.11
8/5/1976	0.73	0.66	0.07
8/6/1976	0.66	0.66	0
8/7/1976	0.55	0.42	0.13
8/8/1976	0.48	0.42	0.06
8/9/1976	0.42	0.42	0
8/10/1976	0.4	0.33	0.07
8/11/1976	0.4	0.33	0.07
8/12/1976	0.33	0.33	0
8/13/1976	0.31	0.31	0
8/14/1976	0.46	0.31	0.15
8/15/1976	0.36	0.31	0.05
8/16/1976	0.31	0.3	0.01
8/17/1976	0.3	0.3	0
8/18/1976	0.3	0.3	0
8/19/1976	0.28	0.22	0.06
8/20/1976	0.25	0.22	0.03
8/21/1976	0.22	0.22	0
8/22/1976	0.22	0.21	0.01
8/23/1976	0.22	0.21	0.01
8/24/1976	0.21	0.21	0
8/25/1976	0.22	0.22	0
8/26/1976	0.29	0.22	0.07
8/27/1976	0.24	0.22	0.02
8/28/1976	0.36	0.17	0.19
8/29/1976	0.21	0.17	0.04
8/30/1976	0.17	0.17	0
8/31/1976	0.15	0.15	0
9/1/1976	0.15	0.15	0
9/2/1976	0.15	0.15	0
9/3/1976	0.15	0.07	0.08
9/4/1976	0.07	0.07	0
9/5/1976	0.08	0.07	0.01
9/6/1976	0.08	0.05	0.03
9/7/1976	0.06	0.05	0.01
9/8/1976	0.05	0.05	0
9/9/1976	0.16	0.1	0.06
9/10/1976	0.12	0.1	0.02
9/11/1976	0.1	0.1	0
9/12/1976	0.04	0.02	0.02
9/13/1976	0.03	0.02	0.01
9/14/1976	0.02	0.02	0
9/15/1976	0.05	0.05	0
9/16/1976	0.08	0.05	0.03
9/17/1976	0.08	0.05	0.03
9/18/1976	0.08	0.08	0
9/19/1976	0.13	0.08	0.05
9/20/1976	0.21	0.08	0.13
9/21/1976	0.16	0.16	0
9/22/1976	0.18	0.16	0.02
9/23/1976	0.18	0.16	0.02
9/24/1976	0.18	0.17	0.01
9/25/1976	0.19	0.17	0.02
9/26/1976	0.17	0.17	0
9/27/1976	0.16	0.13	0.03
9/28/1976	0.15	0.13	0.02
9/29/1976	0.13	0.13	0
9/30/1976	0.13	0.13	0
10/1/1976	0.13	0.13	0
10/2/1976	0.13	0.13	0
10/3/1976	0.09	0.09	0
10/4/1976	0.11	0.09	0.02
10/5/1976	0.36	0.09	0.27
10/6/1976	0.36	0.19	0.17
10/7/1976	0.21	0.19	0.02
10/8/1976	0.19	0.19	0
10/9/1976	0.19	0.17	0.02
10/10/1976	0.19	0.17	0.02
10/11/1976	0.17	0.17	0
10/12/1976	0.17	0.17	0
10/13/1976	0.17	0.17	0
10/14/1976	0.17	0.17	0
10/15/1976	0.19	0.19	0
10/16/1976	0.21	0.19	0.02
10/17/1976	0.24	0.19	0.05
10/18/1976	0.21	0.21	0
10/19/1976	0.24	0.21	0.03
10/20/1976	0.24	0.21	0.03
10/21/1976	0.24	0.24	0
10/22/1976	0.24	0.24	0
10/23/1976	0.24	0.24	0
10/24/1976	0.21	0.21	0
10/25/1976	0.24	0.21	0.03
10/26/1976	0.24	0.21	0.03
10/27/1976	0.3	0.24	0.06
10/28/1976	0.27	0.24	0.03
10/29/1976	0.24	0.24	0
10/30/1976	0.4	0.4	0
10/31/1976	0.57	0.4	0.17
11/1/1976	0.4	0.4	0
11/2/1976	0.36	0.36	0
11/3/1976	0.4	0.36	0.04
11/4/1976	0.4	0.36	0.04
11/5/1976	0.4	0.36	0.04
11/6/1976	0.4	0.36	0.04
11/7/1976	0.36	0.36	0
11/8/1976	0.33	0.33	0
11/9/1976	0.36	0.33	0.03
11/10/1976	0.36	0.33	0.03
11/11/1976	0.27	0.21	0.06
11/12/1976	0.21	0.21	0
11/13/1976	0.24	0.21	0.03
11/14/1976	0.24	0.24	0
11/15/1976	0.24	0.24	0
11/16/1976	0.27	0.24	0.03
11/17/1976	0.27	0.27	0
11/18/1976	0.27	0.27	0
11/19/1976	0.27	0.27	0
11/20/1976	0.24	0.21	0.03
11/21/1976	0.24	0.21	0.03
11/22/1976	0.21	0.21	0
11/23/1976	0.19	0.19	0
11/24/1976	0.19	0.19	0
11/25/1976	0.24	0.19	0.05
11/26/1976	0.27	0.16	0.11
11/27/1976	0.24	0.16	0.08
11/28/1976	0.16	0.16	0
11/29/1976	0.13	0.09	0.04
11/30/1976	0.1	0.09	0.01
12/1/1976	0.09	0.09	0
12/2/1976	0.08	0.06	0.02
12/3/1976	0.07	0.06	0.01
12/4/1976	0.06	0.06	0
12/5/1976	0.05	0.05	0
12/6/1976	0.05	0.05	0
12/7/1976	0.05	0.05	0
12/8/1976	0.05	0.04	0.01
12/9/1976	0.05	0.04	0.01
12/10/1976	0.04	0.04	0
12/11/1976	0.04	0.04	0
12/12/1976	0.04	0.04	0
12/13/1976	0.04	0.04	0
12/14/1976	0.05	0.05	0
12/15/1976	0.05	0.05	0
12/16/1976	0.05	0.05	0
12/17/1976	0.05	0.04	0.01
12/18/1976	0.04	0.04	0
12/19/1976	0.05	0.04	0.01
12/20/1976	0.05	0.04	0.01
12/21/1976	0.04	0.04	0
12/22/1976	0.05	0.04	0.01
12/23/1976	0.05	0.05	0
12/24/1976	0.05	0.05	0
12/25/1976	0.05	0.05	0
12/26/1976	0.05	0.03	0.02
12/27/1976	0.04	0.03	0.01
12/28/1976	0.03	0.03	0
12/29/1976	0.02	0	0.02
12/30/1976	0.01	0	0.01
12/31/1976	0	0	0
1/1/1977	0	0	0
1/2/1977	0	0	0
1/3/1977	0	0	0
1/4/1977	0	0	0
1/5/1977	0	0	0
1/6/1977	0	0	0
1/7/1977	0	0	0
1/8/1977	0	0	0
1/9/1977	0	0	0
1/10/1977	0	0	0
1/11/1977	0	0	0
1/12/1977	0	0	0
1/13/1977	0	0	0
1/14/1977	0	0	0
1/15/1977	0	0	0
1/16/1977	0	0	0
1/17/1977	0	0	0
1/18/1977	0	0	0
1/19/1977	0	0	0
1/20/1977	0	0	0
1/21/1977	0	0	0
1/22/1977	0	0	0
1/23/1977	0	0	0
1/24/1977	0	0	0
1/25/1977	0	0	0
1/26/1977	0	0	0
1/27/1977	0	0	0
1/28/1977	0	0	0
1/29/1977	0	0	0
1/30/1977	0	0	0
1/31/1977	0	0	0
2/1/1977	0	0	0
2/2/1977	0	0	0
2/3/1977	0	0	0
2/4/1977	0	0	0
2/5/1977	0	0	0
2/6/1977	0	0	0
2/7/1977	0	0	0
2/8/1977	0	0	0
2/9/1977	0	0	0
2/10/1977	0	0	0
2/11/1977	0.01	0	0.01
2/12/1977	0.01	0.01	0
2/13/1977	0.01	0.01	0
2/14/1977	0.01	0.01	0
2/15/1977	0.01	0.01	0
2/16/1977	0.01	0.01	0
2/17/1977	0.01	0.01	0
2/18/1977	0.02	0.02	0
2/19/1977	0.02	0.02	0
2/20/1977	0.02	0.02	0
2/21/1977	0.02	0.02	0
2/22/1977	0.02	0.02	0
2/23/1977	0.02	0.02	0
2/24/1977	0.03	0.03	0
2/25/1977	0.03	0.03	0
2/26/1977	0.03	0.03	0
2/27/1977	0.04	0.04	0
2/28/1977	0.04	0.04	0
3/1/1977	0.05	0.04	0.01
3/2/1977	0.06	0.06	0
3/3/1977	0.07	0.06	0.01
3/4/1977	0.09	0.06	0.03
3/5/1977	0.12	0.12	0
3/6/1977	0.15	0.12	0.03
3/7/1977	0.22	0.12	0.1
3/8/1977	0.33	0.33	0
3/9/1977	0.64	0.33	0.31
3/10/1977	8	0.33	7.67
3/11/1977	10	6	4
3/12/1977	8	6	2
3/13/1977	6	6	0
3/14/1977	4.5	2.8	1.7
3/15/1977	3.7	2.8	0.9
3/16/1977	2.8	2.8	0
3/17/1977	2.6	2.6	0
3/18/1977	3	2.6	0.4
3/19/1977	3	2.6	0.4
3/20/1977	4	3.3	0.7
3/21/1977	3.3	3.3	0
3/22/1977	3.5	3.3	0.2
3/23/1977	3.6	3.2	0.4
3/24/1977	3.6	3.2	0.4
3/25/1977	3.2	3.2	0
3/26/1977	4	4	0
3/27/1977	6	4	2
3/28/1977	20	4	16
3/29/1977	34	14	20
3/30/1977	30	14	16
3/31/1977	14	14	0
4/1/1977	10	10	0
4/2/1977	28	10	18
4/3/1977	15	10	5
4/4/1977	27	10	17
4/5/1977	16	10	6
4/6/1977	10	10	0
4/7/1977	8	6.1	1.9
4/8/1977	6.6	6.1	0.5
4/9/1977	6.1	6.1	0
4/10/1977	5.3	4.1	1.2
4/11/1977	4.6	4.1	0.5
4/12/1977	4.1	4.1	0
4/13/1977	3.6	2.9	0.7
4/14/1977	3.1	2.9	0.2
4/15/1977	2.9	2.9	0
4/16/1977	2.8	2.2	0.6
4/17/1977	2.5	2.2	0.3
4/18/1977	2.2	2.2	0
4/19/1977	2	1.9	0.1
4/20/1977	1.9	1.9	0
4/21/1977	2.2	1.9	0.3
4/22/1977	2.2	1.8	0.4
4/23/1977	1.9	1.8	0.1
4/24/1977	1.8	1.8	0
4/25/1977	1.7	1.4	0.3
4/26/1977	1.5	1.4	0.1
4/27/1977	1.4	1.4	0
4/28/1977	1.3	1.2	0.1
4/29/1977	1.3	1.2	0.1
4/30/1977	1.2	1.2	0
5/1/1977	1.2	1.1	0.1
5/2/1977	1.2	1.1	0.1
5/3/1977	1.1	1.1	0
5/4/1977	1.1	1.1	0
5/5/1977	1.2	1.1	0.1
5/6/1977	1.1	1.1	0
5/7/1977	1	0.9	0.1
5/8/1977	0.96	0.9	0.06
5/9/1977	0.9	0.9	0
5/10/1977	0.81	0.77	0.04
5/11/1977	0.78	0.77	0.01
5/12/1977	0.77	0.77	0
5/13/1977	0.71	0.61	0.1
5/14/1977	0.66	0.61	0.05
5/15/1977	0.61	0.61	0
5/16/1977	0.56	0.52	0.04
5/17/1977	0.55	0.52	0.03
5/18/1977	0.52	0.52	0
5/19/1977	0.4	0.32	0.08
5/20/1977	0.33	0.32	0.01
5/21/1977	0.32	0.32	0
5/22/1977	0.31	0.31	0
5/23/1977	0.31	0.31	0
5/24/1977	0.33	0.31	0.02
5/25/1977	0.29	0.28	0.01
5/26/1977	0.3	0.28	0.02
5/27/1977	0.28	0.28	0
5/28/1977	0.29	0.28	0.01
5/29/1977	0.29	0.28	0.01
5/30/1977	0.28	0.28	0
5/31/1977	0.28	0.24	0.04
6/1/1977	0.28	0.24	0.04
6/2/1977	0.24	0.24	0
6/3/1977	0.16	0.13	0.03
6/4/1977	0.13	0.13	0
6/5/1977	0.73	0.13	0.6
6/6/1977	1.9	0.9	1
6/7/1977	0.98	0.9	0.08
6/8/1977	0.9	0.9	0
6/9/1977	0.9	0.66	0.24
6/10/1977	0.66	0.66	0
6/11/1977	22	0.66	21.34
6/12/1977	7.7	2.7	5
6/13/1977	4.4	2.7	1.7
6/14/1977	2.7	2.7	0
6/15/1977	1.8	1.1	0.7
6/16/1977	1.4	1.1	0.3
6/17/1977	1.1	1.1	0
6/18/1977	0.93	0.66	0.27
6/19/1977	0.79	0.66	0.13
6/20/1977	0.66	0.66	0
6/21/1977	0.6	0.52	0.08
6/22/1977	0.58	0.52	0.06
6/23/1977	0.52	0.52	0
6/24/1977	0.49	0.36	0.13
6/25/1977	0.46	0.36	0.1
6/26/1977	0.36	0.36	0
6/27/1977	0.24	0.24	0
6/28/1977	0.38	0.24	0.14
6/29/1977	0.29	0.24	0.05
6/30/1977	0.44	0.29	0.15
7/1/1977	0.42	0.29	0.13
7/2/1977	0.29	0.29	0
7/3/1977	0.93	0.44	0.49
7/4/1977	0.81	0.44	0.37
7/5/1977	0.44	0.44	0
7/6/1977	0.28	0.28	0
7/7/1977	0.34	0.28	0.06
7/8/1977	0.3	0.28	0.02
7/9/1977	0.25	0.13	0.12
7/10/1977	0.17	0.13	0.04
7/11/1977	0.13	0.13	0
7/12/1977	0.09	0.02	0.07
7/13/1977	0.05	0.02	0.03
7/14/1977	0.02	0.02	0
7/15/1977	0.01	0.01	0
7/16/1977	0.02	0.01	0.01
7/17/1977	0.19	0.01	0.18
7/18/1977	3.4	0.52	2.88
7/19/1977	0.9	0.52	0.38
7/20/1977	0.52	0.52	0
7/21/1977	1.1	0.36	0.74
7/22/1977	0.52	0.36	0.16
7/23/1977	0.36	0.36	0
7/24/1977	0.9	0.52	0.38
7/25/1977	0.97	0.52	0.45
7/26/1977	0.52	0.52	0
7/27/1977	0.36	0.3	0.06
7/28/1977	0.3	0.3	0
7/29/1977	0.3	0.3	0
7/30/1977	0.27	0.17	0.1
7/31/1977	0.24	0.17	0.07
8/1/1977	0.17	0.17	0
8/2/1977	0.17	0.17	0
8/3/1977	0.19	0.17	0.02
8/4/1977	17	0.17	16.83
8/5/1977	12	3.7	8.3
8/6/1977	6.1	3.7	2.4
8/7/1977	3.7	3.7	0
8/8/1977	2.7	1.9	0.8
8/9/1977	2	1.9	0.1
8/10/1977	1.9	1.9	0
8/11/1977	1.4	1.1	0.3
8/12/1977	1.1	1.1	0
8/13/1977	2.7	1.1	1.6
8/14/1977	3.2	1.4	1.8
8/15/1977	1.8	1.4	0.4
8/16/1977	1.4	1.4	0
8/17/1977	1.2	0.78	0.42
8/18/1977	0.9	0.78	0.12
8/19/1977	0.78	0.78	0
8/20/1977	0.67	0.62	0.05
8/21/1977	0.67	0.62	0.05
8/22/1977	0.62	0.62	0
8/23/1977	0.62	0.52	0.1
8/24/1977	0.62	0.52	0.1
8/25/1977	0.52	0.52	0
8/26/1977	0.52	0.48	0.04
8/27/1977	0.48	0.48	0
8/28/1977	4.9	0.48	4.42
8/29/1977	9.6	2.7	6.9
8/30/1977	4.2	2.7	1.5
8/31/1977	2.7	2.7	0
9/1/1977	1.9	1.5	0.4
9/2/1977	1.6	1.5	0.1
9/3/1977	1.5	1.5	0
9/4/1977	1.3	0.84	0.46
9/5/1977	1.3	0.84	0.46
9/6/1977	0.84	0.84	0
9/7/1977	0.84	0.78	0.06
9/8/1977	0.78	0.78	0
9/9/1977	0.78	0.78	0
9/10/1977	0.67	0.62	0.05
9/11/1977	0.62	0.62	0
9/12/1977	0.78	0.62	0.16
9/13/1977	1.2	0.78	0.42
9/14/1977	0.84	0.78	0.06
9/15/1977	0.78	0.78	0
9/16/1977	1	1	0
9/17/1977	1.2	1	0.2
9/18/1977	1.7	1	0.7
9/19/1977	1.7	1.4	0.3
9/20/1977	1.4	1.4	0
9/21/1977	1.4	1.4	0
9/22/1977	1.4	1.4	0
9/23/1977	1.4	1.4	0
9/24/1977	14	1.4	12.6
9/25/1977	7.6	3.1	4.5
9/26/1977	4.7	3.1	1.6
9/27/1977	3.1	3.1	0
9/28/1977	2.4	1.9	0.5
9/29/1977	1.9	1.9	0
9/30/1977	1.9	1.9	0
10/1/1977	8.8	4.1	4.7
10/2/1977	5.9	4.1	1.8
10/3/1977	4.1	4.1	0
10/4/1977	3.2	2.2	1
10/5/1977	2.7	2.2	0.5
10/6/1977	2.2	2.2	0
10/7/1977	2.8	2.8	0
10/8/1977	26	2.8	23.2
10/9/1977	13	2.8	10.2
10/10/1977	9.1	6.7	2.4
10/11/1977	8.1	6.7	1.4
10/12/1977	6.7	6.7	0
10/13/1977	5.5	4.2	1.3
10/14/1977	4.7	4.2	0.5
10/15/1977	4.2	4.2	0
10/16/1977	3.9	3.6	0.3
10/17/1977	3.7	3.6	0.1
10/18/1977	3.6	3.6	0
10/19/1977	3.2	2.8	0.4
10/20/1977	2.9	2.8	0.1
10/21/1977	2.8	2.8	0
10/22/1977	2.5	2.3	0.2
10/23/1977	2.3	2.3	0
10/24/1977	2.3	2.3	0
10/25/1977	2.4	2.3	0.1
10/26/1977	2.4	2.3	0.1
10/27/1977	2.3	2.3	0
10/28/1977	2.3	2	0.3
10/29/1977	2.2	2	0.2
10/30/1977	2	2	0
10/31/1977	2	2	0
11/1/1977	6.3	2	4.3
11/2/1977	20	2	18
11/3/1977	14	8.1	5.9
11/4/1977	10	8.1	1.9
11/5/1977	8.1	8.1	0
11/6/1977	6.9	5.7	1.2
11/7/1977	6.3	5.7	0.6
11/8/1977	5.7	5.7	0
11/9/1977	5.3	4.1	1.2
11/10/1977	4.7	4.1	0.6
11/11/1977	4.1	4.1	0
11/12/1977	3.4	3.1	0.3
11/13/1977	3.1	3.1	0
11/14/1977	3.2	3.1	0.1
11/15/1977	3.2	2.7	0.5
11/16/1977	2.9	2.7	0.2
11/17/1977	2.7	2.7	0
11/18/1977	2.4	2.2	0.2
11/19/1977	2.2	2.2	0
11/20/1977	3.2	2.2	1
11/21/1977	3.1	2.5	0.6
11/22/1977	2.5	2.5	0
11/23/1977	2.9	2.5	0.4
11/24/1977	3.4	2.7	0.7
11/25/1977	3.1	2.7	0.4
11/26/1977	2.7	2.7	0
11/27/1977	2.7	2.5	0.2
11/28/1977	2.8	2.5	0.3
11/29/1977	2.5	2.5	0
11/30/1977	2.7	2.7	0
12/1/1977	3.7	2.7	1
12/2/1977	4.1	2.7	1.4
12/3/1977	3.7	3.1	0.6
12/4/1977	3.1	3.1	0
12/5/1977	3.1	3.1	0
12/6/1977	3.1	2	1.1
12/7/1977	2.3	2	0.3
12/8/1977	2	2	0
12/9/1977	2.1	2.1	0
12/10/1977	2.2	2.1	0.1
12/11/1977	2.4	2.1	0.3
12/12/1977	2.9	2.9	0
12/13/1977	3.5	2.9	0.6
12/14/1977	4.4	2.9	1.5
12/15/1977	4.8	4.8	0
12/16/1977	7	4.8	2.2
12/17/1977	10	4.8	5.2
12/18/1977	15	15	0
12/19/1977	20	15	5
12/20/1977	28	15	13
12/21/1977	28	15	13
12/22/1977	19	15	4
12/23/1977	15	15	0
12/24/1977	11	6.1	4.9
12/25/1977	7.8	6.1	1.7
12/26/1977	6.1	6.1	0
12/27/1977	4.7	3.9	0.8
12/28/1977	4.4	3.9	0.5
12/29/1977	3.9	3.9	0
12/30/1977	3.4	3.4	0
12/31/1977	3.4	3.4	0
1/1/1978	3.4	3.4	0
1/2/1978	3.1	2.9	0.2
1/3/1978	3.1	2.9	0.2
1/4/1978	2.9	2.9	0
1/5/1978	2.8	2.7	0.1
1/6/1978	2.7	2.7	0
1/7/1978	2.8	2.7	0.1
1/8/1978	2.7	1.7	1
1/9/1978	2.3	1.7	0.6
1/10/1978	1.7	1.7	0
1/11/1978	1.4	1.4	0
1/12/1978	1.4	1.4	0
1/13/1978	1.6	1.4	0.2
1/14/1978	1.7	1.7	0
1/15/1978	1.8	1.7	0.1
1/16/1978	1.8	1.7	0.1
1/17/1978	1.8	1.6	0.2
1/18/1978	1.7	1.6	0.1
1/19/1978	1.6	1.6	0
1/20/1978	1.6	1.6	0
1/21/1978	1.7	1.6	0.1
1/22/1978	1.6	1.6	0
1/23/1978	1.7	1.7	0
1/24/1978	1.7	1.7	0
1/25/1978	1.7	1.7	0
1/26/1978	1.5	1.3	0.2
1/27/1978	1.3	1.3	0
1/28/1978	1.3	1.3	0
1/29/1978	1.3	1.3	0
1/30/1978	1.4	1.3	0.1
1/31/1978	1.5	1.3	0.2
2/1/1978	1.6	1.6	0
2/2/1978	1.6	1.6	0
2/3/1978	1.7	1.6	0.1
2/4/1978	1.7	1.7	0
2/5/1978	1.8	1.7	0.1
2/6/1978	1.9	1.7	0.2
2/7/1978	2	1.8	0.2
2/8/1978	1.9	1.8	0.1
2/9/1978	1.8	1.8	0
2/10/1978	1.5	1.4	0.1
2/11/1978	1.4	1.4	0
2/12/1978	1.4	1.4	0
2/13/1978	1.4	1.3	0.1
2/14/1978	1.3	1.3	0
2/15/1978	1.3	1.3	0
2/16/1978	1.2	1.2	0
2/17/1978	1.2	1.2	0
2/18/1978	1.2	1.2	0
2/19/1978	1.2	1.2	0
2/20/1978	1.2	1.2	0
2/21/1978	1.2	1.2	0
2/22/1978	1.2	1.2	0
2/23/1978	1.2	1.2	0
2/24/1978	1.3	1.2	0.1
2/25/1978	1.3	1.2	0.1
2/26/1978	1.3	1.2	0.1
2/27/1978	1.2	1.2	0
2/28/1978	1.2	1.1	0.1
3/1/1978	1.2	1.1	0.1
3/2/1978	1.1	1.1	0
3/3/1978	1.2	1.2	0
3/4/1978	1.2	1.2	0
3/5/1978	1.2	1.2	0
3/6/1978	1.2	1.1	0.1
3/7/1978	1.1	1.1	0
3/8/1978	1.2	1.1	0.1
3/9/1978	1.2	1.2	0
3/10/1978	1.6	1.2	0.4
3/11/1978	1.7	1.2	0.5
3/12/1978	2.5	2.5	0
3/13/1978	2.9	2.5	0.4
3/14/1978	3.9	2.5	1.4
3/15/1978	4.3	4	0.3
3/16/1978	4	4	0
3/17/1978	4.3	4	0.3
3/18/1978	4	4	0
3/19/1978	5.6	4	1.6
3/20/1978	8	4	4
3/21/1978	12	9.4	2.6
3/22/1978	11	9.4	1.6
3/23/1978	9.4	9.4	0
3/24/1978	7.8	4.7	3.1
3/25/1978	5.6	4.7	0.9
3/26/1978	4.7	4.7	0
3/27/1978	4.6	4.6	0
3/28/1978	6.4	4.6	1.8
3/29/1978	6.8	4.6	2.2
3/30/1978	6	6	0
3/31/1978	6	6	0
4/1/1978	6.4	6	0.4
4/2/1978	5.4	5.4	0
4/3/1978	7.4	5.4	2
4/4/1978	10	5.4	4.6
4/5/1978	9.9	9.9	0
4/6/1978	52	9.9	42.1
4/7/1978	36	9.9	26.1
4/8/1978	22	19	3
4/9/1978	19	19	0
4/10/1978	24	19	5
4/11/1978	25	13	12
4/12/1978	17	13	4
4/13/1978	13	13	0
4/14/1978	9.6	6.9	2.7
4/15/1978	8.1	6.9	1.2
4/16/1978	6.9	6.9	0
4/17/1978	6.1	6.1	0
4/18/1978	12	6.1	5.9
4/19/1978	13	6.1	6.9
4/20/1978	10	6.7	3.3
4/21/1978	8.3	6.7	1.6
4/22/1978	6.7	6.7	0
4/23/1978	8.3	8.1	0.2
4/24/1978	11	8.1	2.9
4/25/1978	8.1	8.1	0
4/26/1978	6.3	4.9	1.4
4/27/1978	5.5	4.9	0.6
4/28/1978	4.9	4.9	0
4/29/1978	4.6	3.6	1
4/30/1978	4.1	3.6	0.5
5/1/1978	3.6	3.6	0
5/2/1978	3.4	3.1	0.3
5/3/1978	3.1	3.1	0
5/4/1978	3.1	3.1	0
5/5/1978	2.9	2.7	0.2
5/6/1978	2.8	2.7	0.1
5/7/1978	2.7	2.7	0
5/8/1978	6.1	4.2	1.9
5/9/1978	5.3	4.2	1.1
5/10/1978	4.2	4.2	0
5/11/1978	3.7	3.7	0
5/12/1978	6.1	3.7	2.4
5/13/1978	138	3.7	134.3
5/14/1978	75	39	36
5/15/1978	55	39	16
5/16/1978	39	39	0
5/17/1978	25	13	12
5/18/1978	18	13	5
5/19/1978	13	13	0
5/20/1978	10	6.7	3.3
5/21/1978	7.8	6.7	1.1
5/22/1978	6.7	6.7	0
5/23/1978	6.3	4.9	1.4
5/24/1978	5.5	4.9	0.6
5/25/1978	4.9	4.9	0
5/26/1978	4.6	3.9	0.7
5/27/1978	4.2	3.9	0.3
5/28/1978	3.9	3.9	0
5/29/1978	3.2	2.8	0.4
5/30/1978	3.2	2.8	0.4
5/31/1978	2.8	2.8	0
6/1/1978	2.4	2	0.4
6/2/1978	2.3	2	0.3
6/3/1978	2	2	0
6/4/1978	2	1.7	0.3
6/5/1978	1.8	1.7	0.1
6/6/1978	1.7	1.7	0
6/7/1978	1.8	1.8	0
6/8/1978	2.2	1.8	0.4
6/9/1978	1.9	1.8	0.1
6/10/1978	1.7	1.7	0
6/11/1978	1.7	1.7	0
6/12/1978	6.3	1.7	4.6
6/13/1978	3.1	2.3	0.8
6/14/1978	2.4	2.3	0.1
6/15/1978	2.3	2.3	0
6/16/1978	7.4	7.4	0
6/17/1978	82	7.4	74.6
6/18/1978	60	7.4	52.6
6/19/1978	29	13	16
6/20/1978	17	13	4
6/21/1978	13	13	0
6/22/1978	8.8	6.3	2.5
6/23/1978	6.5	6.3	0.2
6/24/1978	6.3	6.3	0
6/25/1978	5.9	4.6	1.3
6/26/1978	6.1	4.6	1.5
6/27/1978	4.6	4.6	0
6/28/1978	3.7	2.9	0.8
6/29/1978	3.2	2.9	0.3
6/30/1978	2.9	2.9	0
7/1/1978	30	30	0
7/2/1978	111	30	81
7/3/1978	77	30	47
7/4/1978	42	17	25
7/5/1978	23	17	6
7/6/1978	17	17	0
7/7/1978	13	7.4	5.6
7/8/1978	9.4	7.4	2
7/9/1978	7.4	7.4	0
7/10/1978	5.9	4.2	1.7
7/11/1978	4.7	4.2	0.5
7/12/1978	4.2	4.2	0
7/13/1978	3.9	3.2	0.7
7/14/1978	3.4	3.2	0.2
7/15/1978	3.2	3.2	0
7/16/1978	2.9	2.7	0.2
7/17/1978	2.7	2.7	0
7/18/1978	2.7	2.7	0
7/19/1978	2.5	2.4	0.1
7/20/1978	2.4	2.4	0
7/21/1978	2.9	2.4	0.5
7/22/1978	3.7	2.4	1.3
7/23/1978	2.9	2.4	0.5
7/24/1978	2.4	2.4	0
7/25/1978	2.2	2.2	0
7/26/1978	2.5	2.2	0.3
7/27/1978	2.5	2.2	0.3
7/28/1978	2.2	1.8	0.4
7/29/1978	2	1.8	0.2
7/30/1978	1.8	1.8	0
7/31/1978	1.7	1.7	0
8/1/1978	2.2	1.7	0.5
8/2/1978	2	1.7	0.3
8/3/1978	1.7	1.2	0.5
8/4/1978	1.4	1.2	0.2
8/5/1978	1.2	1.2	0
8/6/1978	1.2	1	0.2
8/7/1978	1.2	1	0.2
8/8/1978	1	1	0
8/9/1978	0.9	0.84	0.06
8/10/1978	0.84	0.84	0
8/11/1978	0.84	0.84	0
8/12/1978	0.84	0.78	0.06
8/13/1978	0.78	0.78	0
8/14/1978	0.78	0.78	0
8/15/1978	0.72	0.72	0
8/16/1978	0.9	0.72	0.18
8/17/1978	0.72	0.72	0
8/18/1978	0.72	0.67	0.05
8/19/1978	0.72	0.67	0.05
8/20/1978	0.67	0.67	0
8/21/1978	0.62	0.62	0
8/22/1978	0.72	0.62	0.1
8/23/1978	0.67	0.62	0.05
8/24/1978	0.67	0.67	0
8/25/1978	0.72	0.67	0.05
8/26/1978	0.67	0.67	0
8/27/1978	0.97	0.72	0.25
8/28/1978	0.9	0.72	0.18
8/29/1978	0.72	0.72	0
8/30/1978	0.57	0.48	0.09
8/31/1978	0.52	0.48	0.04
9/1/1978	0.48	0.48	0
9/2/1978	0.48	0.48	0
9/3/1978	0.48	0.48	0
9/4/1978	0.48	0.48	0
9/5/1978	0.48	0.36	0.12
9/6/1978	0.36	0.36	0
9/7/1978	0.36	0.36	0
9/8/1978	0.4	0.4	0
9/9/1978	0.4	0.4	0
9/10/1978	0.4	0.4	0
9/11/1978	0.36	0.36	0
9/12/1978	1.9	0.36	1.54
9/13/1978	3.7	0.36	3.34
9/14/1978	2.8	1.4	1.4
9/15/1978	1.9	1.4	0.5
9/16/1978	1.4	1.4	0
9/17/1978	3	3	0
9/18/1978	9.4	3	6.4
9/19/1978	6.1	3	3.1
9/20/1978	8.8	4.9	3.9
9/21/1978	8.1	4.9	3.2
9/22/1978	4.9	4.9	0
9/23/1978	3.1	1.6	1.5
9/24/1978	2.3	1.6	0.7
9/25/1978	1.6	1.6	0
9/26/1978	1.4	1	0.4
9/27/1978	1.3	1	0.3
9/28/1978	1	1	0
9/29/1978	0.97	0.89	0.08
9/30/1978	0.97	0.89	0.08
10/1/1978	0.89	0.89	0
10/2/1978	0.9	0.9	0
10/3/1978	1.3	0.9	0.4
10/4/1978	1.1	0.9	0.2
10/5/1978	1.5	1.5	0
10/6/1978	1.8	1.5	0.3
10/7/1978	1.5	1.5	0
10/8/1978	1.2	1.1	0.1
10/9/1978	1.1	1.1	0
10/10/1978	1.2	1.1	0.1
10/11/1978	1.1	1.1	0
10/12/1978	1.1	1.1	0
10/13/1978	1.2	1.1	0.1
10/14/1978	1.3	1.3	0
10/15/1978	1.5	1.3	0.2
10/16/1978	1.8	1.3	0.5
10/17/1978	1.8	1.8	0
10/18/1978	1.9	1.8	0.1
10/19/1978	2	1.8	0.2
10/20/1978	2.2	2.1	0.1
10/21/1978	2.1	2.1	0
10/22/1978	2.1	2.1	0
10/23/1978	2.1	2	0.1
10/24/1978	2	2	0
10/25/1978	2.2	2	0.2
10/26/1978	2.3	2.1	0.2
10/27/1978	2.2	2.1	0.1
10/28/1978	2.1	2.1	0
10/29/1978	2	2	0
10/30/1978	2	2	0
10/31/1978	2.1	2	0.1
11/1/1978	2.1	2.1	0
11/2/1978	2.1	2.1	0
11/3/1978	2.1	2.1	0
11/4/1978	2.1	1.9	0.2
11/5/1978	2	1.9	0.1
11/6/1978	1.9	1.9	0
11/7/1978	1.8	1.8	0
11/8/1978	1.9	1.8	0.1
11/9/1978	2	1.8	0.2
11/10/1978	2.1	1.8	0.3
11/11/1978	2	1.8	0.2
11/12/1978	1.8	1.8	0
11/13/1978	2.4	2	0.4
11/14/1978	2.3	2	0.3
11/15/1978	2	2	0
11/16/1978	2	2	0
11/17/1978	4.8	2	2.8
11/18/1978	4.4	2	2.4
11/19/1978	3.2	2.3	0.9
11/20/1978	2.6	2.3	0.3
11/21/1978	2.3	2.3	0
11/22/1978	2.2	2.2	0
11/23/1978	5.3	2.2	3.1
11/24/1978	5.1	2.2	2.9
11/25/1978	3.9	3.2	0.7
11/26/1978	3.4	3.2	0.2
11/27/1978	3.2	3.2	0
11/28/1978	2.9	2.6	0.3
11/29/1978	2.7	2.6	0.1
11/30/1978	2.6	2.6	0
12/1/1978	2.4	2	0.4
12/2/1978	2	2	0
12/3/1978	2.2	2	0.2
12/4/1978	2.4	1.9	0.5
12/5/1978	2.3	1.9	0.4
12/6/1978	1.9	1.9	0
12/7/1978	1.6	1.4	0.2
12/8/1978	1.6	1.4	0.2
12/9/1978	1.4	1.4	0
12/10/1978	1.2	1.2	0
12/11/1978	1.3	1.2	0.1
12/12/1978	1.5	1.2	0.3
12/13/1978	1.7	1.7	0
12/14/1978	1.7	1.7	0
12/15/1978	1.7	1.7	0
12/16/1978	1.7	1.7	0
12/17/1978	1.7	1.7	0
12/18/1978	1.7	1.7	0
12/19/1978	1.6	1.6	0
12/20/1978	1.7	1.6	0.1
12/21/1978	1.7	1.6	0.1
12/22/1978	1.7	1.5	0.2
12/23/1978	1.5	1.5	0
12/24/1978	1.6	1.5	0.1
12/25/1978	1.5	1.4	0.1
12/26/1978	1.5	1.4	0.1
12/27/1978	1.4	1.4	0
12/28/1978	1.4	1.4	0
12/29/1978	1.4	1.4	0
12/30/1978	1.5	1.4	0.1
12/31/1978	1.6	1.6	0
1/1/1979	1.6	1.6	0
1/2/1979	1.7	1.6	0.1
1/3/1979	1.8	1.8	0
1/4/1979	1.8	1.8	0
1/5/1979	1.8	1.8	0
1/6/1979	1.8	1.8	0
1/7/1979	1.8	1.8	0
1/8/1979	1.8	1.8	0
1/9/1979	1.8	1.8	0
1/10/1979	1.8	1.8	0
1/11/1979	1.8	1.8	0
1/12/1979	1.9	1.8	0.1
1/13/1979	1.9	1.8	0.1
1/14/1979	1.8	1.8	0
1/15/1979	1.7	1.7	0
1/16/1979	1.8	1.7	0.1
1/17/1979	1.8	1.7	0.1
1/18/1979	1.8	1.8	0
1/19/1979	1.9	1.8	0.1
1/20/1979	2	1.8	0.2
1/21/1979	2	1.9	0.1
1/22/1979	1.9	1.9	0
1/23/1979	1.9	1.9	0
1/24/1979	1.9	1.8	0.1
1/25/1979	1.8	1.8	0
1/26/1979	1.8	1.8	0
1/27/1979	1.9	1.9	0
1/28/1979	2	1.9	0.1
1/29/1979	1.9	1.9	0
1/30/1979	1.9	1.8	0.1
1/31/1979	2	1.8	0.2
2/1/1979	1.8	1.8	0
2/2/1979	2	1.7	0.3
2/3/1979	1.9	1.7	0.2
2/4/1979	1.7	1.7	0
2/5/1979	1.5	1.4	0.1
2/6/1979	1.4	1.4	0
2/7/1979	1.5	1.4	0.1
2/8/1979	1.5	1.4	0.1
2/9/1979	1.4	1.4	0
2/10/1979	1.4	1.4	0
2/11/1979	1.5	1.5	0
2/12/1979	1.5	1.5	0
2/13/1979	1.6	1.5	0.1
2/14/1979	1.8	1.8	0
2/15/1979	2	1.8	0.2
2/16/1979	2	1.8	0.2
2/17/1979	1.9	1.9	0
2/18/1979	2	1.9	0.1
2/19/1979	2	1.9	0.1
2/20/1979	2	2	0
2/21/1979	2.2	2	0.2
2/22/1979	2.4	2	0.4
2/23/1979	2.7	2.5	0.2
2/24/1979	2.6	2.5	0.1
2/25/1979	2.5	2.5	0
2/26/1979	2.2	2	0.2
2/27/1979	2.1	2	0.1
2/28/1979	2	2	0
3/1/1979	2	2	0
3/2/1979	2	2	0
3/3/1979	2.2	2	0.2
3/4/1979	9.6	9.6	0
3/5/1979	13	9.6	3.4
3/6/1979	12	9.6	2.4
3/7/1979	12	12	0
3/8/1979	12	12	0
3/9/1979	13	12	1
3/10/1979	13	12	1
3/11/1979	12	12	0
3/12/1979	12	12	0
3/13/1979	17	17	0
3/14/1979	29	17	12
3/15/1979	35	17	18
3/16/1979	29	25	4
3/17/1979	25	25	0
3/18/1979	43	25	18
3/19/1979	91	91	0
3/20/1979	123	91	32
3/21/1979	99	91	8
3/22/1979	84	70	14
3/23/1979	90	70	20
3/24/1979	70	70	0
3/25/1979	46	26	20
3/26/1979	32	26	6
3/27/1979	26	26	0
3/28/1979	24	24	0
3/29/1979	37	24	13
3/30/1979	101	24	77
3/31/1979	73	37	36
4/1/1979	49	37	12
4/2/1979	37	37	0
4/3/1979	30	22	8
4/4/1979	25	22	3
4/5/1979	22	22	0
4/6/1979	18	14	4
4/7/1979	15	14	1
4/8/1979	14	14	0
4/9/1979	12	11	1
4/10/1979	11	11	0
4/11/1979	13	11	2
4/12/1979	50	21	29
4/13/1979	31	21	10
4/14/1979	21	21	0
4/15/1979	16	11	5
4/16/1979	13	11	2
4/17/1979	11	11	0
4/18/1979	9.5	8.2	1.3
4/19/1979	8.7	8.2	0.5
4/20/1979	8.2	8.2	0
4/21/1979	8	6.7	1.3
4/22/1979	7.5	6.7	0.8
4/23/1979	6.7	6.7	0
4/24/1979	7.2	7.2	0
4/25/1979	14	7.2	6.8
4/26/1979	56	7.2	48.8
4/27/1979	30	17	13
4/28/1979	21	17	4
4/29/1979	17	17	0
4/30/1979	23	15	8
5/1/1979	18	15	3
5/2/1979	15	15	0
5/3/1979	19	12	7
5/4/1979	15	12	3
5/5/1979	12	12	0
5/6/1979	9.2	7.6	1.6
5/7/1979	8	7.6	0.4
5/8/1979	7.6	7.6	0
5/9/1979	7.4	6.5	0.9
5/10/1979	7	6.5	0.5
5/11/1979	6.5	6.5	0
5/12/1979	6	5.9	0.1
5/13/1979	5.9	5.9	0
5/14/1979	6.5	5.9	0.6
5/15/1979	5.8	4.9	0.9
5/16/1979	5.2	4.9	0.3
5/17/1979	4.9	4.9	0
5/18/1979	4.8	4.8	0
5/19/1979	5.6	4.8	0.8
5/20/1979	4.9	4.8	0.1
5/21/1979	4.2	3.9	0.3
5/22/1979	3.9	3.9	0
5/23/1979	3.9	3.9	0
5/24/1979	3.7	3.4	0.3
5/25/1979	3.4	3.4	0
5/26/1979	3.4	3.4	0
5/27/1979	2.9	2	0.9
5/28/1979	2	2	0
5/29/1979	2	2	0
5/30/1979	4.6	3.1	1.5
5/31/1979	4	3.1	0.9
6/1/1979	3.1	3.1	0
6/2/1979	2.5	1.9	0.6
6/3/1979	2.2	1.9	0.3
6/4/1979	1.9	1.9	0
6/5/1979	1.8	1.5	0.3
6/6/1979	1.6	1.5	0.1
6/7/1979	1.5	1.5	0
6/8/1979	1.6	1.6	0
6/9/1979	1.6	1.6	0
6/10/1979	1.6	1.6	0
6/11/1979	1.6	1.2	0.4
6/12/1979	1.4	1.2	0.2
6/13/1979	1.2	1.2	0
6/14/1979	1	0.82	0.18
6/15/1979	0.96	0.82	0.14
6/16/1979	0.82	0.82	0
6/17/1979	0.76	0.72	0.04
6/18/1979	0.73	0.72	0.01
6/19/1979	0.72	0.72	0
6/20/1979	0.88	0.88	0
6/21/1979	0.97	0.88	0.09
6/22/1979	0.89	0.88	0.01
6/23/1979	0.81	0.7	0.11
6/24/1979	0.73	0.7	0.03
6/25/1979	0.7	0.7	0
6/26/1979	0.68	0.68	0
6/27/1979	0.72	0.68	0.04
6/28/1979	0.9	0.68	0.22
6/29/1979	2.1	1.3	0.8
6/30/1979	1.6	1.3	0.3
7/1/1979	1.3	1.3	0
7/2/1979	1.1	1.1	0
7/3/1979	2.7	1.1	1.6
7/4/1979	7.2	1.1	6.1
7/5/1979	3.2	1.7	1.5
7/6/1979	2	1.7	0.3
7/7/1979	1.7	1.7	0
7/8/1979	1.5	1.2	0.3
7/9/1979	1.4	1.2	0.2
7/10/1979	1.2	1.2	0
7/11/1979	1.5	1.2	0.3
7/12/1979	1.5	1.2	0.3
7/13/1979	1.2	1.2	0
7/14/1979	1.1	0.87	0.23
7/15/1979	1	0.87	0.13
7/16/1979	0.87	0.87	0
7/17/1979	0.77	0.62	0.15
7/18/1979	0.69	0.62	0.07
7/19/1979	0.62	0.62	0
7/20/1979	0.59	0.53	0.06
7/21/1979	0.53	0.53	0
7/22/1979	0.58	0.53	0.05
7/23/1979	0.58	0.58	0
7/24/1979	0.63	0.58	0.05
7/25/1979	1	0.58	0.42
7/26/1979	0.83	0.7	0.13
7/27/1979	0.74	0.7	0.04
7/28/1979	0.7	0.7	0
7/29/1979	0.65	0.65	0
7/30/1979	0.75	0.65	0.1
7/31/1979	0.76	0.65	0.11
8/1/1979	0.67	0.63	0.04
8/2/1979	0.65	0.63	0.02
8/3/1979	0.63	0.63	0
8/4/1979	0.6	0.6	0
8/5/1979	0.8	0.6	0.2
8/6/1979	0.86	0.6	0.26
8/7/1979	0.76	0.72	0.04
8/8/1979	0.72	0.72	0
8/9/1979	1.1	0.72	0.38
8/10/1979	3	1	2
8/11/1979	1.4	1	0.4
8/12/1979	1	1	0
8/13/1979	0.9	0.74	0.16
8/14/1979	0.85	0.74	0.11
8/15/1979	0.74	0.74	0
8/16/1979	0.7	0.7	0
8/17/1979	0.76	0.7	0.06
8/18/1979	0.9	0.7	0.2
8/19/1979	1.6	1.6	0
8/20/1979	3.1	1.6	1.5
8/21/1979	1.6	1.6	0
8/22/1979	2	1.4	0.6
8/23/1979	2	1.4	0.6
8/24/1979	1.4	1.4	0
8/25/1979	1.1	1.1	0
8/26/1979	1.1	1.1	0
8/27/1979	1.5	1.1	0.4
8/28/1979	1.4	1.1	0.3
8/29/1979	1.5	1.1	0.4
8/30/1979	1.1	1.1	0
8/31/1979	0.75	0.49	0.26
9/1/1979	0.56	0.49	0.07
9/2/1979	0.49	0.49	0
9/3/1979	0.44	0.4	0.04
9/4/1979	0.41	0.4	0.01
9/5/1979	0.4	0.4	0
9/6/1979	0.4	0.4	0
9/7/1979	0.4	0.4	0
9/8/1979	0.4	0.4	0
9/9/1979	0.4	0.37	0.03
9/10/1979	0.4	0.37	0.03
9/11/1979	0.37	0.37	0
9/12/1979	0.36	0.29	0.07
9/13/1979	0.31	0.29	0.02
9/14/1979	0.29	0.29	0
9/15/1979	0.25	0.23	0.02
9/16/1979	0.23	0.23	0
9/17/1979	0.26	0.23	0.03
9/18/1979	0.26	0.26	0
9/19/1979	0.27	0.26	0.01
9/20/1979	0.26	0.26	0
9/21/1979	0.3	0.3	0
9/22/1979	0.3	0.3	0
9/23/1979	0.3	0.3	0
9/24/1979	0.3	0.27	0.03
9/25/1979	0.3	0.27	0.03
9/26/1979	0.27	0.27	0
9/27/1979	0.24	0.24	0
9/28/1979	0.27	0.24	0.03
9/29/1979	0.27	0.24	0.03
9/30/1979	0.33	0.3	0.03
10/1/1979	0.3	0.3	0
10/2/1979	0.31	0.3	0.01
10/3/1979	0.32	0.29	0.03
10/4/1979	0.31	0.29	0.02
10/5/1979	0.29	0.29	0
10/6/1979	0.3	0.3	0
10/7/1979	0.33	0.3	0.03
10/8/1979	0.31	0.3	0.01
10/9/1979	0.3	0.24	0.06
10/10/1979	0.24	0.24	0
10/11/1979	0.3	0.24	0.06
10/12/1979	0.29	0.22	0.07
10/13/1979	0.23	0.22	0.01
10/14/1979	0.22	0.22	0
10/15/1979	0.23	0.23	0
10/16/1979	0.24	0.23	0.01
10/17/1979	0.27	0.23	0.04
10/18/1979	0.29	0.29	0
10/19/1979	0.52	0.29	0.23
10/20/1979	0.48	0.29	0.19
10/21/1979	0.53	0.53	0
10/22/1979	0.7	0.53	0.17
10/23/1979	0.95	0.53	0.42
10/24/1979	0.85	0.73	0.12
10/25/1979	0.82	0.73	0.09
10/26/1979	0.73	0.73	0
10/27/1979	0.72	0.72	0
10/28/1979	0.78	0.72	0.06
10/29/1979	0.78	0.72	0.06
10/30/1979	0.77	0.77	0
10/31/1979	0.78	0.77	0.01
11/1/1979	0.84	0.77	0.07
11/2/1979	0.77	0.77	0
11/3/1979	0.78	0.77	0.01
11/4/1979	0.78	0.77	0.01
11/5/1979	0.78	0.78	0
11/6/1979	1	0.78	0.22
11/7/1979	1	0.78	0.22
11/8/1979	0.96	0.86	0.1
11/9/1979	0.9	0.86	0.04
11/10/1979	0.86	0.86	0
11/11/1979	0.73	0.72	0.01
11/12/1979	0.75	0.72	0.03
11/13/1979	0.72	0.72	0
11/14/1979	0.78	0.78	0
11/15/1979	0.78	0.78	0
11/16/1979	0.78	0.78	0
11/17/1979	0.84	0.84	0
11/18/1979	0.84	0.84	0
11/19/1979	0.84	0.84	0
11/20/1979	0.85	0.85	0
11/21/1979	1.7	0.85	0.85
11/22/1979	1.6	0.85	0.75
11/23/1979	1.4	1.1	0.3
11/24/1979	1.2	1.1	0.1
11/25/1979	1.1	1.1	0
11/26/1979	2.6	1.8	0.8
11/27/1979	2.3	1.8	0.5
11/28/1979	1.8	1.8	0
11/29/1979	1.5	1.2	0.3
11/30/1979	1.4	1.2	0.2
12/1/1979	1.2	1.2	0
12/2/1979	1	0.9	0.1
12/3/1979	0.9	0.9	0
12/4/1979	0.9	0.9	0
12/5/1979	1	1	0
12/6/1979	1.1	1	0.1
12/7/1979	1.1	1	0.1
12/8/1979	0.85	0.85	0
12/9/1979	0.97	0.85	0.12
12/10/1979	0.91	0.85	0.06
12/11/1979	0.91	0.91	0
12/12/1979	0.97	0.91	0.06
12/13/1979	0.94	0.91	0.03
12/14/1979	0.78	0.78	0
12/15/1979	0.83	0.78	0.05
12/16/1979	0.89	0.78	0.11
12/17/1979	0.75	0.73	0.02
12/18/1979	0.73	0.73	0
12/19/1979	0.81	0.73	0.08
10/1/2007	5.4	4.2	1.2
10/2/2007	4.2	4.2	0
10/3/2007	4.4	4.2	0.2
10/4/2007	3.8	3.4	0.4
10/5/2007	3.6	3.4	0.2
10/6/2007	3.4	3.4	0
10/7/2007	3.2	3.2	0
10/8/2007	4.2	3.2	1
10/9/2007	3.6	3.2	0.4
10/10/2007	2.8	2.6	0.2
10/11/2007	3	2.6	0.4
10/12/2007	2.6	2.6	0
10/13/2007	2.6	2.6	0
10/14/2007	4.4	2.6	1.8
10/15/2007	4	2.6	1.4
10/16/2007	20	10	10
10/17/2007	10	10	0
10/18/2007	14	10	4
10/19/2007	7.06	4.03	3.03
10/20/2007	5.2	4.03	1.17
10/21/2007	4.03	4.03	0
10/22/2007	3.46	3.05	0.41
10/23/2007	3.36	3.05	0.31
10/24/2007	3.05	3.05	0
10/25/2007	2.58	2.49	0.09
10/26/2007	2.49	2.49	0
10/27/2007	2.5	2.49	0.01
10/28/2007	2.25	2.02	0.23
10/29/2007	2.11	2.02	0.09
10/30/2007	2.02	2.02	0
10/31/2007	1.97	1.76	0.21
11/1/2007	1.8	1.76	0.04
11/2/2007	1.76	1.76	0
11/3/2007	1.7	1.67	0.03
11/4/2007	1.69	1.67	0.02
11/5/2007	1.67	1.67	0
11/6/2007	1.6	1.51	0.09
11/7/2007	1.6	1.51	0.09
11/8/2007	1.51	1.51	0
11/9/2007	1.49	1.48	0.01
11/10/2007	1.48	1.48	0
11/11/2007	1.55	1.48	0.07
11/12/2007	1.54	1.45	0.09
11/13/2007	1.45	1.45	0
11/14/2007	1.72	1.45	0.27
11/15/2007	1.66	1.58	0.08
11/16/2007	1.58	1.58	0
11/17/2007	1.7	1.58	0.12
11/18/2007	1.8	1.8	0
11/19/2007	1.91	1.8	0.11
11/20/2007	1.92	1.8	0.12
11/21/2007	2.03	1.67	0.36
11/22/2007	1.99	1.67	0.32
11/23/2007	1.67	1.67	0
11/24/2007	1.59	1.59	0
11/25/2007	1.69	1.59	0.1
11/26/2007	1.7	1.59	0.11
11/27/2007	1.87	1.75	0.12
11/28/2007	1.83	1.75	0.08
11/29/2007	1.75	1.75	0
11/30/2007	1.59	1.4	0.19
12/1/2007	1.4	1.4	0
12/2/2007	1.6	1.4	0.2
12/3/2007	1.6	1.6	0
12/4/2007	1.6	1.6	0
12/5/2007	1.6	1.6	0
12/6/2007	1.5	1.3	0.2
12/7/2007	1.5	1.3	0.2
12/8/2007	1.3	1.3	0
12/9/2007	1.3	1.2	0.1
12/10/2007	1.3	1.2	0.1
12/11/2007	1.2	1.2	0
12/12/2007	1.1	1.1	0
12/13/2007	1.1	1.1	0
12/14/2007	1.1	1.1	0
12/15/2007	1.1	1.1	0
12/16/2007	1.1	1.1	0
12/17/2007	1.1	1.1	0
12/18/2007	1.2	1.1	0.1
12/19/2007	1.1	1.1	0
12/20/2007	1.1	1.1	0
12/21/2007	1.3	1.3	0
12/22/2007	2	1.3	0.7
12/23/2007	10	1.3	8.7
12/24/2007	8	4.6	3.4
12/25/2007	5.2	4.6	0.6
12/26/2007	4.6	4.6	0
12/27/2007	4	3.2	0.8
12/28/2007	3.6	3.2	0.4
12/29/2007	3.2	3.2	0
12/30/2007	2.8	2.4	0.4
12/31/2007	2.6	2.4	0.2
1/1/2008	2.4	2.4	0
1/2/2008	1.8	1.5	0.3
1/3/2008	1.5	1.5	0
1/4/2008	1.5	1.5	0
1/5/2008	1.8	1.8	0
1/6/2008	7	1.8	5.2
1/7/2008	46	1.8	44.2
1/8/2008	90	34	56
1/9/2008	50	34	16
1/10/2008	34	34	0
1/11/2008	26	17	9
1/12/2008	22	17	5
1/13/2008	17	17	0
1/14/2008	15	11	4
1/15/2008	13	11	2
1/16/2008	11	11	0
1/17/2008	10	7	3
1/18/2008	9	7	2
1/19/2008	7	7	0
1/20/2008	6.13	5.8	0.33
1/21/2008	5.8	5.8	0
1/22/2008	6.3	5.8	0.5
1/23/2008	6.13	5.39	0.74
1/24/2008	5.62	5.39	0.23
1/25/2008	5.39	5.39	0
1/26/2008	5.5	5.39	0.11
1/27/2008	5.39	5.39	0
1/28/2008	5.64	5.39	0.25
1/29/2008	10.81	6.67	4.14
1/30/2008	12.99	6.67	6.32
1/31/2008	6.67	6.67	0
2/1/2008	6.39	5.68	0.71
2/2/2008	5.99	5.68	0.31
2/3/2008	5.68	5.68	0
2/4/2008	5.8	5.8	0
2/5/2008	6	5.8	0.2
2/6/2008	6	5.8	0.2
2/7/2008	6	5.2	0.8
2/8/2008	5.8	5.2	0.6
2/9/2008	5.2	5.2	0
2/10/2008	5.4	5.4	0
2/11/2008	5.6	5.4	0.2
2/12/2008	5.6	5.4	0.2
2/13/2008	5.2	5	0.2
2/14/2008	5	5	0
2/15/2008	5	5	0
2/16/2008	5	5	0
2/17/2008	12	5	7
2/18/2008	20	5	15
2/19/2008	18	12	6
2/20/2008	15	12	3
2/21/2008	12	12	0
2/22/2008	11	9	2
2/23/2008	9.6	9	0.6
2/24/2008	9	9	0
2/25/2008	8.4	7	1.4
2/26/2008	7.6	7	0.6
2/27/2008	7	7	0
2/28/2008	6	6	0
2/29/2008	6	6	0
3/1/2008	6	6	0
3/2/2008	6.6	6.6	0
3/3/2008	20	6.6	13.4
3/4/2008	19	6.6	12.4
3/5/2008	16	12	4
3/6/2008	14	12	2
3/7/2008	12	12	0
3/8/2008	10	8.4	1.6
3/9/2008	9	8.4	0.6
3/10/2008	8.4	8.4	0
3/11/2008	9	9	0
3/12/2008	9.2	9	0.2
3/13/2008	23.51	9	14.51
3/14/2008	71.45	37.96	33.49
3/15/2008	56.52	37.96	18.56
3/16/2008	37.96	37.96	0
3/17/2008	29.99	29.99	0
3/18/2008	32.13	29.99	2.14
3/19/2008	50.33	29.99	20.34
3/20/2008	44.77	24.27	20.5
3/21/2008	31.54	24.27	7.27
3/22/2008	24.27	24.27	0
3/23/2008	22.4	21.07	1.33
3/24/2008	21.07	21.07	0
3/25/2008	30.11	21.07	9.04
3/26/2008	62.98	30.08	32.9
3/27/2008	48.26	30.08	18.18
3/28/2008	30.08	30.08	0
3/29/2008	25.68	24.44	1.24
3/30/2008	24.44	24.44	0
3/31/2008	68.75	24.44	44.31
4/1/2008	55.33	27.39	27.94
4/2/2008	33.49	27.39	6.1
4/3/2008	27.39	27.39	0
4/4/2008	28.57	19.99	8.58
4/5/2008	23.71	19.99	3.72
4/6/2008	19.99	19.99	0
4/7/2008	17.17	17.17	0
4/8/2008	31.19	17.17	14.02
4/9/2008	85.04	17.17	67.87
4/10/2008	82.41	68.25	14.16
4/11/2008	161.9	68.25	93.65
4/12/2008	68.25	68.25	0
4/13/2008	45.42	22.38	23.04
4/14/2008	28.37	22.38	5.99
4/15/2008	22.38	22.38	0
4/16/2008	18.63	13.63	5
4/17/2008	15.24	13.63	1.61
4/18/2008	13.63	13.63	0
4/19/2008	12.68	10.46	2.22
4/20/2008	11.53	10.46	1.07
4/21/2008	10.46	10.46	0
4/22/2008	10.31	9.29	1.02
4/23/2008	9.95	9.29	0.66
4/24/2008	9.29	9.29	0
4/25/2008	149.12	49.71	99.41
4/26/2008	115.25	49.71	65.54
4/27/2008	49.71	49.71	0
4/28/2008	30.1	17.24	12.86
4/29/2008	20.69	17.24	3.45
4/30/2008	17.24	17.24	0
5/1/2008	14.35	14.12	0.23
5/2/2008	14.12	14.12	0
5/3/2008	14.21	14.12	0.09
5/4/2008	11.59	9.05	2.54
5/5/2008	9.9	9.05	0.85
5/6/2008	9.05	9.05	0
5/7/2008	8.53	7	1.53
5/8/2008	7.8	7	0.8
5/9/2008	7	7	0
5/10/2008	6.35	6.35	0
5/11/2008	7.2	6.35	0.85
5/12/2008	6.57	6.35	0.22
5/13/2008	5.88	5.03	0.85
5/14/2008	5.57	5.03	0.54
5/15/2008	5.03	5.03	0
5/16/2008	4.86	4.2	0.66
5/17/2008	4.65	4.2	0.45
5/18/2008	4.2	4.2	0
5/19/2008	3.95	3.64	0.31
5/20/2008	3.9	3.64	0.26
5/21/2008	3.64	3.64	0
5/22/2008	3.36	3.04	0.32
5/23/2008	3.2	3.04	0.16
5/24/2008	3.04	3.04	0
5/25/2008	3.01	2.94	0.07
5/26/2008	3.45	2.94	0.51
5/27/2008	2.94	2.94	0
5/28/2008	2.75	2.72	0.03
5/29/2008	2.72	2.72	0
5/30/2008	4.16	2.72	1.44
5/31/2008	3.63	2.75	0.88
6/1/2008	3	2.75	0.25
6/2/2008	2.75	2.75	0
6/3/2008	2.86	2.86	0
6/4/2008	3.02	2.86	0.16
6/5/2008	13.07	2.86	10.21
6/6/2008	9.35	9.35	0
6/7/2008	39.32	9.35	29.97
6/8/2008	233.33	9.35	223.98
6/9/2008	239.12	60.34	178.78
6/10/2008	113.49	60.34	53.15
6/11/2008	60.34	60.34	0
6/12/2008	64.96	64.96	0
6/13/2008	299.32	64.96	234.36
6/14/2008	124.92	64.96	59.96
6/15/2008	63.94	18.81	45.13
6/16/2008	35.38	18.81	16.57
6/17/2008	18.81	18.81	0
6/18/2008	14.59	9.91	4.68
6/19/2008	12.27	9.91	2.36
6/20/2008	9.91	9.91	0
6/21/2008	8.47	7.62	0.85
6/22/2008	8.04	7.62	0.42
6/23/2008	7.62	7.62	0
6/24/2008	6.48	5.35	1.13
6/25/2008	5.88	5.35	0.53
6/26/2008	5.35	5.35	0
6/27/2008	4.9	4.44	0.46
6/28/2008	5.07	4.44	0.63
6/29/2008	4.44	4.44	0
6/30/2008	3.88	3.27	0.61
7/1/2008	3.27	3.27	0
7/2/2008	3.5	3.27	0.23
7/3/2008	5	2.92	2.08
7/4/2008	3.47	2.92	0.55
7/5/2008	2.92	2.92	0
7/6/2008	2.64	2.64	0
7/7/2008	10.99	2.64	8.35
7/8/2008	13.99	2.64	11.35
7/9/2008	8.53	6.98	1.55
7/10/2008	6.98	6.98	0
7/11/2008	9.85	6.98	2.87
7/12/2008	9.03	5.16	3.87
7/13/2008	6.96	5.16	1.8
7/14/2008	5.16	5.16	0
7/15/2008	4.1	3.74	0.36
7/16/2008	3.74	3.74	0
7/17/2008	3.74	3.74	0
7/18/2008	3.12	3.12	0
7/19/2008	4.59	3.12	1.47
7/20/2008	4.15	3.12	1.03
7/21/2008	3.29	2.42	0.87
7/22/2008	2.88	2.42	0.46
7/23/2008	2.42	2.42	0
7/24/2008	2.13	1.91	0.22
7/25/2008	1.96	1.91	0.05
7/26/2008	1.91	1.91	0
7/27/2008	1.69	1.44	0.25
7/28/2008	1.52	1.44	0.08
7/29/2008	1.44	1.44	0
7/30/2008	1.34	1.18	0.16
7/31/2008	1.22	1.18	0.04
8/1/2008	1.18	1.18	0
8/2/2008	1.11	1.06	0.05
8/3/2008	1.06	1.06	0
8/4/2008	2.22	1.06	1.16
8/5/2008	1.77	1.22	0.55
8/6/2008	1.42	1.22	0.2
8/7/2008	1.22	1.22	0
8/8/2008	1.1	0.97	0.13
8/9/2008	1.03	0.97	0.06
8/10/2008	0.97	0.97	0
8/11/2008	0.93	0.92	0.01
8/12/2008	0.92	0.92	0
8/13/2008	1.07	0.92	0.15
8/14/2008	1.56	1.06	0.5
8/15/2008	1.21	1.06	0.15
8/16/2008	1.06	1.06	0
8/17/2008	0.95	0.84	0.11
8/18/2008	0.86	0.84	0.02
8/19/2008	0.84	0.84	0
8/20/2008	0.85	0.79	0.06
8/21/2008	0.82	0.79	0.03
8/22/2008	0.79	0.79	0
8/23/2008	0.79	0.7	0.09
8/24/2008	0.75	0.7	0.05
8/25/2008	0.7	0.7	0
8/26/2008	0.66	0.63	0.03
8/27/2008	0.63	0.63	0
8/28/2008	0.64	0.63	0.01
8/29/2008	0.63	0.51	0.12
8/30/2008	0.58	0.51	0.07
8/31/2008	0.51	0.51	0
9/1/2008	0.49	0.48	0.01
9/2/2008	0.48	0.48	0
9/3/2008	0.49	0.48	0.01
9/4/2008	1.68	1.2	0.48
9/5/2008	2.32	1.2	1.12
9/6/2008	1.2	1.2	0
9/7/2008	0.95	0.89	0.06
9/8/2008	0.91	0.89	0.02
9/9/2008	0.89	0.89	0
9/10/2008	0.78	0.77	0.01
9/11/2008	0.77	0.77	0
9/12/2008	0.8	0.77	0.03
9/13/2008	2.12	2.12	0
9/14/2008	3.57	2.12	1.45
9/15/2008	2.96	2.12	0.84
9/16/2008	1.85	1.1	0.75
9/17/2008	1.36	1.1	0.26
9/18/2008	1.1	1.1	0
9/19/2008	0.97	0.83	0.14
9/20/2008	1.14	0.83	0.31
9/21/2008	0.83	0.83	0
9/22/2008	0.79	0.72	0.07
9/23/2008	0.75	0.72	0.03
9/24/2008	0.72	0.72	0
9/25/2008	0.69	0.63	0.06
9/26/2008	0.66	0.63	0.03
9/27/2008	0.63	0.63	0
9/28/2008	0.58	0.58	0
9/29/2008	0.58	0.58	0
9/30/2008	0.59	0.58	0.01
10/1/2008	0.58	0.52	0.06
10/2/2008	0.55	0.52	0.03
10/3/2008	0.52	0.52	0
10/4/2008	0.5	0.5	0
10/5/2008	0.7	0.5	0.2
10/6/2008	1.98	0.5	1.48
10/7/2008	1.58	1.58	0
10/8/2008	3.96	1.58	2.38
10/9/2008	2.23	1.58	0.65
10/10/2008	1.71	1.14	0.57
10/11/2008	1.43	1.14	0.29
10/12/2008	1.14	1.14	0
10/13/2008	0.93	0.69	0.24
10/14/2008	0.71	0.69	0.02
10/15/2008	0.69	0.69	0
10/16/2008	0.67	0.63	0.04
10/17/2008	0.63	0.63	0
10/18/2008	0.63	0.63	0
10/19/2008	0.6	0.59	0.01
10/20/2008	0.6	0.59	0.01
10/21/2008	0.59	0.59	0
10/22/2008	0.59	0.59	0
10/23/2008	0.6	0.59	0.01
10/24/2008	0.69	0.59	0.1
10/25/2008	0.87	0.65	0.22
10/26/2008	0.78	0.65	0.13
10/27/2008	0.65	0.65	0
10/28/2008	0.63	0.63	0
10/29/2008	0.63	0.63	0
10/30/2008	0.63	0.63	0
10/31/2008	0.62	0.58	0.04
11/1/2008	0.58	0.58	0
11/2/2008	0.6	0.58	0.02
11/3/2008	0.64	0.63	0.01
11/4/2008	0.64	0.63	0.01
11/5/2008	0.63	0.63	0
11/6/2008	0.7	0.7	0
11/7/2008	0.74	0.7	0.04
11/8/2008	0.76	0.7	0.06
11/9/2008	0.92	0.68	0.24
11/10/2008	0.68	0.68	0
11/11/2008	0.71	0.68	0.03
11/12/2008	0.95	0.95	0
11/13/2008	0.98	0.95	0.03
11/14/2008	2.21	0.95	1.26
11/15/2008	1.87	1.41	0.46
11/16/2008	1.64	1.41	0.23
11/17/2008	1.41	1.41	0
11/18/2008	1.27	1.27	0
11/19/2008	1.35	1.27	0.08
11/20/2008	1.34	1.27	0.07
11/21/2008	1.13	1.08	0.05
11/22/2008	1.08	1.08	0
11/23/2008	1.16	1.08	0.08
11/24/2008	1.27	1.13	0.14
11/25/2008	1.21	1.13	0.08
11/26/2008	1.13	1.13	0
11/27/2008	1.12	1.12	0
11/28/2008	1.18	1.12	0.06
11/29/2008	1.13	1.12	0.01
11/30/2008	1.2	1.1	0.1
12/1/2008	1.1	1.1	0
12/2/2008	1.1	1.1	0
12/3/2008	1.1	1.1	0
12/4/2008	1.2	1.1	0.1
12/5/2008	1.2	1.1	0.1
12/6/2008	1.1	1.1	0
12/7/2008	1.1	1.1	0
12/8/2008	1.2	1.1	0.1
12/9/2008	1.2	1.1	0.1
12/10/2008	1.1	1.1	0
12/11/2008	1.1	1.1	0
12/12/2008	1.1	1.1	0
12/13/2008	1.2	1.1	0.1
12/14/2008	1.6	1.1	0.5
12/15/2008	3.4	2.2	1.2
12/16/2008	2.8	2.2	0.6
12/17/2008	2.2	2.2	0
12/18/2008	2.1	1.7	0.4
12/19/2008	1.9	1.7	0.2
12/20/2008	1.7	1.7	0
12/21/2008	1.6	1.3	0.3
12/22/2008	1.4	1.3	0.1
12/23/2008	1.3	1.3	0
12/24/2008	1.4	1.4	0
12/25/2008	1.5	1.4	0.1
12/26/2008	1.8	1.4	0.4
12/27/2008	7	7	0
12/28/2008	28	7	21
12/29/2008	22	7	15
12/30/2008	17	10	7
12/31/2008	13	10	3
1/1/2009	10	10	0
1/2/2009	7.2	4.6	2.6
1/3/2009	5.6	4.6	1
1/4/2009	4.6	4.6	0
1/5/2009	4.2	3.4	0.8
1/6/2009	3.6	3.4	0.2
1/7/2009	3.4	3.4	0
1/8/2009	3	2.4	0.6
1/9/2009	2.8	2.4	0.4
1/10/2009	2.4	2.4	0
1/11/2009	2.1	1.6	0.5
1/12/2009	1.8	1.6	0.2
1/13/2009	1.6	1.6	0
1/14/2009	1.4	1	0.4
1/15/2009	1.1	1	0.1
1/16/2009	1	1	0
1/17/2009	0.94	0.94	0
1/18/2009	0.97	0.94	0.03
1/19/2009	1	0.94	0.06
1/20/2009	1	0.96	0.04
1/21/2009	1	0.96	0.04
1/22/2009	0.96	0.96	0
1/23/2009	0.92	0.78	0.14
1/24/2009	0.84	0.78	0.06
1/25/2009	0.78	0.78	0
1/26/2009	0.74	0.72	0.02
1/27/2009	0.72	0.72	0
1/28/2009	0.74	0.72	0.02
1/29/2009	0.68	0.6	0.08
1/30/2009	0.64	0.6	0.04
1/31/2009	0.6	0.6	0
2/1/2009	0.58	0.54	0.04
2/2/2009	0.56	0.54	0.02
2/3/2009	0.54	0.54	0
2/4/2009	0.54	0.54	0
2/5/2009	0.55	0.54	0.01
2/6/2009	0.58	0.54	0.04
2/7/2009	0.56	0.56	0
2/8/2009	0.8	0.56	0.24
2/9/2009	2.8	0.56	2.24
2/10/2009	13	13	0
2/11/2009	16	13	3
2/12/2009	14	13	1
2/13/2009	12	10	2
2/14/2009	11	10	1
2/15/2009	10	10	0
2/16/2009	9.2	7.4	1.8
2/17/2009	8.6	7.4	1.2
2/18/2009	7.4	7.4	0
2/19/2009	6	4.3	1.7
2/20/2009	5	4.3	0.7
2/21/2009	4.3	4.3	0
2/22/2009	3.9	3.2	0.7
2/23/2009	3.4	3.2	0.2
2/24/2009	3.2	3.2	0
2/25/2009	3.4	3.4	0
2/26/2009	8	3.4	4.6
2/27/2009	16	3.4	12.6
2/28/2009	12	7.68	4.32
3/1/2009	10	7.68	2.32
3/2/2009	7.68	7.68	0
3/3/2009	5.85	5.85	0
3/4/2009	6.09	5.85	0.24
3/5/2009	14.42	5.85	8.57
3/6/2009	27.19	27.19	0
3/7/2009	63.58	27.19	36.39
3/8/2009	113	27.19	85.81
3/9/2009	92.38	81.2	11.18
3/10/2009	151.96	81.2	70.76
3/11/2009	81.2	81.2	0
3/12/2009	52.21	27.12	25.09
3/13/2009	33.03	27.12	5.91
3/14/2009	27.12	27.12	0
3/15/2009	23.83	21.28	2.55
3/16/2009	22.14	21.28	0.86
3/17/2009	21.28	21.28	0
3/18/2009	19.78	13.3	6.48
3/19/2009	15.98	13.3	2.68
3/20/2009	13.3	13.3	0
3/21/2009	12.83	10.63	2.2
3/22/2009	11.73	10.63	1.1
3/23/2009	10.63	10.63	0
3/24/2009	10.91	10.91	0
3/25/2009	20.4	10.91	9.49
3/26/2009	15.57	10.91	4.66
3/27/2009	12.66	10.71	1.95
3/28/2009	10.71	10.71	0
3/29/2009	11.67	10.71	0.96
3/30/2009	12.74	12.74	0
3/31/2009	18.45	12.74	5.71
4/1/2009	25.25	12.74	12.51
4/2/2009	17.91	13.14	4.77
4/3/2009	16.31	13.14	3.17
4/4/2009	13.14	13.14	0
4/5/2009	11.58	8.96	2.62
4/6/2009	10.37	8.96	1.41
4/7/2009	8.96	8.96	0
4/8/2009	8.06	6.27	1.79
4/9/2009	7.16	6.27	0.89
4/10/2009	6.27	6.27	0
4/11/2009	5.39	4.85	0.54
4/12/2009	4.87	4.85	0.02
4/13/2009	4.85	4.85	0
4/14/2009	4.67	3.51	1.16
4/15/2009	4.07	3.51	0.56
4/16/2009	3.51	3.51	0
4/17/2009	3.37	3.34	0.03
4/18/2009	3.34	3.34	0
4/19/2009	4.02	3.34	0.68
4/20/2009	17.33	13.71	3.62
4/21/2009	16.2	13.71	2.49
4/22/2009	13.71	13.71	0
4/23/2009	10.7	9.48	1.22
4/24/2009	9.48	9.48	0
4/25/2009	23.58	9.48	14.1
4/26/2009	140.12	53.78	86.34
4/27/2009	106.61	53.78	52.83
4/28/2009	53.78	53.78	0
4/29/2009	36.63	26.21	10.42
4/30/2009	30.29	26.21	4.08
5/1/2009	26.21	26.21	0
5/2/2009	19.85	13.45	6.4
5/3/2009	16.1	13.45	2.65
5/4/2009	13.45	13.45	0
5/5/2009	12.21	11.59	0.62
5/6/2009	11.59	11.59	0
5/7/2009	19.18	11.59	7.59
5/8/2009	14.65	14.65	0
5/9/2009	37.59	14.65	22.94
5/10/2009	25.11	14.65	10.46
5/11/2009	17.86	14.31	3.55
5/12/2009	14.31	14.31	0
5/13/2009	14.41	14.31	0.1
5/14/2009	41.79	16.94	24.85
5/15/2009	21.59	16.94	4.65
5/16/2009	16.94	16.94	0
5/17/2009	13.31	9.69	3.62
5/18/2009	11.38	9.69	1.69
5/19/2009	9.69	9.69	0
5/20/2009	7.95	5.66	2.29
5/21/2009	6.51	5.66	0.85
5/22/2009	5.66	5.66	0
5/23/2009	5.83	4.27	1.56
5/24/2009	5.34	4.27	1.07
5/25/2009	4.27	4.27	0
5/26/2009	4.08	4.08	0
5/27/2009	4.97	4.08	0.89
5/28/2009	5.33	4.08	1.25
5/29/2009	4.56	2.98	1.58
5/30/2009	3.88	2.98	0.9
5/31/2009	2.98	2.98	0
6/1/2009	2.82	2.46	0.36
6/2/2009	2.65	2.46	0.19
6/3/2009	2.46	2.46	0
6/4/2009	2.15	1.83	0.32
6/5/2009	1.99	1.83	0.16
6/6/2009	1.83	1.83	0
6/7/2009	2.01	2.01	0
6/8/2009	19.15	2.01	17.14
6/9/2009	11.36	2.01	9.35
6/10/2009	7.51	3.79	3.72
6/11/2009	5.38	3.79	1.59
6/12/2009	3.79	3.79	0
6/13/2009	3.25	2.39	0.86
6/14/2009	2.75	2.39	0.36
6/15/2009	2.39	2.39	0
6/16/2009	2.19	2.19	0
6/17/2009	2.35	2.19	0.16
6/18/2009	2.22	2.19	0.03
6/19/2009	24.55	10.5	14.05
6/20/2009	16.87	10.5	6.37
6/21/2009	10.5	10.5	0
6/22/2009	8.03	4.23	3.8
6/23/2009	5.93	4.23	1.7
6/24/2009	4.23	4.23	0
6/25/2009	3.17	2.22	0.95
6/26/2009	2.67	2.22	0.45
6/27/2009	2.22	2.22	0
6/28/2009	2.31	1.79	0.52
6/29/2009	1.89	1.79	0.1
6/30/2009	1.79	1.79	0
7/1/2009	1.77	1.55	0.22
7/2/2009	1.67	1.55	0.12
7/3/2009	1.55	1.55	0
7/4/2009	1.45	1.21	0.24
7/5/2009	1.37	1.21	0.16
7/6/2009	1.21	1.21	0
7/7/2009	1.11	1.02	0.09
7/8/2009	1.06	1.02	0.04
7/9/2009	1.02	1.02	0
7/10/2009	0.98	0.98	0
7/11/2009	1.39	0.98	0.41
7/12/2009	1.07	0.98	0.09
7/13/2009	0.92	0.82	0.1
7/14/2009	0.82	0.82	0
7/15/2009	0.93	0.82	0.11
7/16/2009	0.8	0.73	0.07
7/17/2009	0.73	0.73	0
7/18/2009	0.75	0.73	0.02
7/19/2009	0.71	0.67	0.04
7/20/2009	0.67	0.67	0
7/21/2009	0.67	0.67	0
7/22/2009	1	0.81	0.19
7/23/2009	0.92	0.81	0.11
7/24/2009	0.81	0.81	0
7/25/2009	0.77	0.66	0.11
7/26/2009	0.7	0.66	0.04
7/27/2009	0.66	0.66	0
7/28/2009	0.67	0.61	0.06
7/29/2009	0.62	0.61	0.01
7/30/2009	0.61	0.61	0
7/31/2009	0.68	0.56	0.12
8/1/2009	0.61	0.56	0.05
8/2/2009	0.56	0.56	0
8/3/2009	0.52	0.47	0.05
8/4/2009	0.49	0.47	0.02
8/5/2009	0.47	0.47	0
8/6/2009	0.43	0.43	0
8/7/2009	0.48	0.43	0.05
8/8/2009	0.99	0.43	0.56
8/9/2009	0.76	0.62	0.14
8/10/2009	0.74	0.62	0.12
8/11/2009	0.62	0.62	0
8/12/2009	0.57	0.45	0.12
8/13/2009	0.51	0.45	0.06
8/14/2009	0.45	0.45	0
8/15/2009	0.41	0.4	0.01
8/16/2009	0.4	0.4	0
8/17/2009	0.42	0.4	0.02
8/18/2009	0.42	0.38	0.04
8/19/2009	0.38	0.38	0
8/20/2009	0.5	0.38	0.12
8/21/2009	0.47	0.4	0.07
8/22/2009	0.42	0.4	0.02
8/23/2009	0.4	0.4	0
8/24/2009	0.38	0.38	0
8/25/2009	1.06	0.38	0.68
8/26/2009	1.45	0.38	1.07
8/27/2009	0.83	0.6	0.23
8/28/2009	0.68	0.6	0.08
8/29/2009	0.6	0.6	0
8/30/2009	0.56	0.45	0.11
8/31/2009	0.49	0.45	0.04
9/1/2009	0.45	0.45	0
9/2/2009	0.43	0.38	0.05
9/3/2009	0.41	0.38	0.03
9/4/2009	0.38	0.38	0
9/5/2009	0.37	0.34	0.03
9/6/2009	0.35	0.34	0.01
9/7/2009	0.34	0.34	0
9/8/2009	0.32	0.32	0
9/9/2009	0.33	0.32	0.01
9/10/2009	0.33	0.32	0.01
9/11/2009	0.32	0.29	0.03
9/12/2009	0.3	0.29	0.01
9/13/2009	0.29	0.29	0
9/14/2009	0.27	0.24	0.03
9/15/2009	0.25	0.24	0.01
9/16/2009	0.24	0.24	0
9/17/2009	0.23	0.22	0.01
9/18/2009	0.23	0.22	0.01
9/19/2009	0.22	0.22	0
9/20/2009	0.23	0.23	0
9/21/2009	0.29	0.23	0.06
9/22/2009	0.88	0.23	0.65
9/23/2009	0.88	0.5	0.38
9/24/2009	0.56	0.5	0.06
9/25/2009	0.5	0.5	0
9/26/2009	0.5	0.5	0
9/27/2009	0.6	0.5	0.1
9/28/2009	1.34	0.5	0.84
9/29/2009	0.72	0.55	0.17
9/30/2009	0.55	0.55	0
10/1/2009	0.59	0.55	0.04
10/2/2009	3.63	1.22	2.41
10/3/2009	1.66	1.22	0.44
10/4/2009	1.22	1.22	0
10/5/2009	0.9	0.9	0
10/6/2009	0.98	0.9	0.08
10/7/2009	1.03	0.9	0.13
10/8/2009	0.79	0.62	0.17
10/9/2009	0.72	0.62	0.1
10/10/2009	0.62	0.62	0
10/11/2009	0.56	0.55	0.01
10/12/2009	0.57	0.55	0.02
10/13/2009	0.55	0.55	0
10/14/2009	0.55	0.55	0
10/15/2009	0.66	0.55	0.11
10/16/2009	1.07	0.55	0.52
10/17/2009	0.92	0.8	0.12
10/18/2009	0.83	0.8	0.03
10/19/2009	0.8	0.8	0
10/20/2009	0.77	0.77	0
10/21/2009	0.81	0.77	0.04
10/22/2009	1.01	0.77	0.24
10/23/2009	15.36	9	6.36
10/24/2009	13.78	9	4.78
10/25/2009	9	9	0
10/26/2009	8.01	6.53	1.48
10/27/2009	8.12	6.53	1.59
10/28/2009	6.53	6.53	0
10/29/2009	5.4	5.4	0
10/30/2009	12.45	5.4	7.05
10/31/2009	11.83	5.4	6.43
11/1/2009	7.87	5.34	2.53
11/2/2009	6.69	5.34	1.35
11/3/2009	5.34	5.34	0
11/4/2009	4.72	3.9	0.82
11/5/2009	4.29	3.9	0.39
11/6/2009	3.9	3.9	0
11/7/2009	3.71	2.92	0.79
11/8/2009	3.22	2.92	0.3
11/9/2009	2.92	2.92	0
11/10/2009	2.54	2.49	0.05
11/11/2009	2.49	2.49	0
11/12/2009	2.51	2.49	0.02
11/13/2009	2.51	2.44	0.07
11/14/2009	2.51	2.44	0.07
11/15/2009	2.44	2.44	0
11/16/2009	2.25	2.25	0
11/17/2009	2.28	2.25	0.03
11/18/2009	2.36	2.25	0.11
11/19/2009	2.82	2.52	0.3
11/20/2009	2.79	2.52	0.27
11/21/2009	2.52	2.52	0
11/22/2009	2.34	2.22	0.12
11/23/2009	2.22	2.22	0
11/24/2009	2.28	2.22	0.06
11/25/2009	8.76	8.76	0
11/26/2009	15.43	8.76	6.67
11/27/2009	10.69	8.76	1.93
11/28/2009	8.01	6.1	1.91
11/29/2009	7.09	6.1	0.99
11/30/2009	6.1	6.1	0
12/1/2009	5.45	4.09	1.36
12/2/2009	4.72	4.09	0.63
12/3/2009	4.09	4.09	0
12/4/2009	3.18	2.54	0.64
12/5/2009	2.71	2.54	0.17
12/6/2009	2.54	2.54	0
12/7/2009	2.51	2.51	0
12/8/2009	2.54	2.51	0.03
12/9/2009	5.2	2.51	2.69
12/10/2009	3.8	2.8	1
12/11/2009	3.2	2.8	0.4
12/12/2009	2.8	2.8	0
12/13/2009	2.9	2.4	0.5
12/14/2009	3	2.4	0.6
12/15/2009	2.4	2.4	0
12/16/2009	2.1	2	0.1
12/17/2009	2	2	0
12/18/2009	2	2	0
12/19/2009	2	1.9	0.1
12/20/2009	1.9	1.9	0
12/21/2009	1.9	1.9	0
12/22/2009	1.9	1.9	0
12/23/2009	1.9	1.9	0
12/24/2009	2.2	1.9	0.3
12/25/2009	53.07	33	20.07
12/26/2009	63.7	33	30.7
12/27/2009	33	33	0
12/28/2009	21	11	10
12/29/2009	15	11	4
12/30/2009	11	11	0
12/31/2009	8.8	5.7	3.1
1/1/2010	6.8	5.7	1.1
1/2/2010	5.7	5.7	0
1/3/2010	4.9	3.9	1
1/4/2010	4.3	3.9	0.4
1/5/2010	3.9	3.9	0
1/6/2010	3.6	3.2	0.4
1/7/2010	3.4	3.2	0.2
1/8/2010	3.2	3.2	0
1/9/2010	3.1	2.8	0.3
1/10/2010	2.9	2.8	0.1
1/11/2010	2.8	2.8	0
1/12/2010	2.8	2.8	0
1/13/2010	2.9	2.8	0.1
1/14/2010	3.09	2.8	0.29
1/15/2010	2.88	2.85	0.03
1/16/2010	2.85	2.85	0
1/17/2010	2.88	2.85	0.03
1/18/2010	2.78	2.56	0.22
1/19/2010	2.68	2.56	0.12
1/20/2010	2.56	2.56	0
1/21/2010	2.5	2.5	0
1/22/2010	2.53	2.5	0.03
1/23/2010	2.79	2.5	0.29
1/24/2010	26.96	23.54	3.42
1/25/2010	39.04	23.54	15.5
1/26/2010	23.54	23.54	0
1/27/2010	13	6.8	6.2
1/28/2010	8.8	6.8	2
1/29/2010	6.8	6.8	0
1/30/2010	5.8	4.7	1.1
1/31/2010	5.2	4.7	0.5
2/1/2010	4.7	4.7	0
2/2/2010	4.4	3.9	0.5
2/3/2010	4.1	3.9	0.2
2/4/2010	3.9	3.9	0
2/5/2010	3.7	3.5	0.2
2/6/2010	3.6	3.5	0.1
2/7/2010	3.5	3.5	0
2/8/2010	3.4	3.2	0.2
2/9/2010	3.3	3.2	0.1
2/10/2010	3.2	3.2	0
2/11/2010	3.2	3.1	0.1
2/12/2010	3.1	3.1	0
2/13/2010	3.1	3.1	0
2/14/2010	3.1	3.1	0
2/15/2010	3.2	3.1	0.1
2/16/2010	3.4	3.1	0.3
2/17/2010	3.39	3.11	0.28
2/18/2010	3.38	3.11	0.27
2/19/2010	3.11	3.11	0
2/20/2010	3.08	3.08	0
2/21/2010	3.17	3.08	0.09
2/22/2010	3.49	3.08	0.41
2/23/2010	3.36	2.85	0.51
2/24/2010	3.12	2.85	0.27
2/25/2010	2.85	2.85	0
2/26/2010	2.9	2.9	0
2/27/2010	3.05	2.9	0.15
2/28/2010	3.03	2.9	0.13
3/1/2010	3.01	3.01	0
3/2/2010	3.04	3.01	0.03
3/3/2010	3.14	3.01	0.13
3/4/2010	3.19	3.19	0
3/5/2010	3.28	3.19	0.09
3/6/2010	3.74	3.19	0.55
3/7/2010	4.59	4.59	0
3/8/2010	6.83	4.59	2.24
3/9/2010	11.45	4.59	6.86
3/10/2010	29.08	29.08	0
3/11/2010	60.07	29.08	30.99
3/12/2010	70.06	29.08	40.98
3/13/2010	69.02	34.24	34.78
3/14/2010	47.78	34.24	13.54
3/15/2010	34.24	34.24	0
3/16/2010	26.94	19.49	7.45
3/17/2010	22.27	19.49	2.78
3/18/2010	19.49	19.49	0
3/19/2010	17.59	15.25	2.34
3/20/2010	17.35	15.25	2.1
3/21/2010	15.25	15.25	0
3/22/2010	13.78	11.28	2.5
3/23/2010	12.61	11.28	1.33
3/24/2010	11.28	11.28	0
3/25/2010	10.09	8.36	1.73
3/26/2010	8.79	8.36	0.43
3/27/2010	8.36	8.36	0
3/28/2010	8.08	6.8	1.28
3/29/2010	7.1	6.8	0.3
3/30/2010	6.8	6.8	0
3/31/2010	6.71	5.95	0.76
4/1/2010	6.27	5.95	0.32
4/2/2010	5.95	5.95	0
4/3/2010	5.7	5.01	0.69
4/4/2010	5.27	5.01	0.26
4/5/2010	5.01	5.01	0
4/6/2010	17.51	17.51	0
4/7/2010	26.84	17.51	9.33
4/8/2010	33.97	17.51	16.46
4/9/2010	23.55	14.7	8.85
4/10/2010	18.05	14.7	3.35
4/11/2010	14.7	14.7	0
4/12/2010	12.81	10.31	2.5
4/13/2010	11.51	10.31	1.2
4/14/2010	10.31	10.31	0
4/15/2010	9.41	7.12	2.29
4/16/2010	8.29	7.12	1.17
4/17/2010	7.12	7.12	0
4/18/2010	6.62	5.87	0.75
4/19/2010	6.11	5.87	0.24
4/20/2010	5.87	5.87	0
4/21/2010	5.25	4.51	0.74
4/22/2010	4.85	4.51	0.34
4/23/2010	4.51	4.51	0
4/24/2010	18.22	18.22	0
4/25/2010	90.9	18.22	72.68
4/26/2010	43.48	18.22	25.26
4/27/2010	26.36	16.13	10.23
4/28/2010	19.7	16.13	3.57
4/29/2010	16.13	16.13	0
4/30/2010	14.85	14.85	0
5/1/2010	21.09	14.85	6.24
5/2/2010	15.56	14.85	0.71
5/3/2010	12.53	8.79	3.74
5/4/2010	10.3	8.79	1.51
5/5/2010	8.79	8.79	0
5/6/2010	7.54	7.54	0
5/7/2010	8.34	7.54	0.8
5/8/2010	8.93	7.54	1.39
5/9/2010	7.4	6.42	0.98
5/10/2010	6.42	6.42	0
5/11/2010	18.36	6.42	11.94
5/12/2010	21.44	21.44	0
5/13/2010	74.2	21.44	52.76
5/14/2010	42.3	21.44	20.86
5/15/2010	25.53	16.14	9.39
5/16/2010	19.48	16.14	3.34
5/17/2010	16.14	16.14	0
5/18/2010	13.43	9.76	3.67
5/19/2010	11.27	9.76	1.51
5/20/2010	9.76	9.76	0
5/21/2010	10.97	8.79	2.18
5/22/2010	10.45	8.79	1.66
5/23/2010	8.79	8.79	0
5/24/2010	7.4	5.58	1.82
5/25/2010	6.34	5.58	0.76
5/26/2010	5.58	5.58	0
5/27/2010	4.98	3.76	1.22
5/28/2010	4.21	3.76	0.45
5/29/2010	3.76	3.76	0
5/30/2010	3.33	2.73	0.6
5/31/2010	3.03	2.73	0.3
6/1/2010	2.73	2.73	0
6/2/2010	2.99	2.84	0.15
6/3/2010	3.11	2.84	0.27
6/4/2010	2.84	2.84	0
6/5/2010	2.86	2.77	0.09
6/6/2010	3.33	2.77	0.56
6/7/2010	2.77	2.77	0
6/8/2010	3.95	3.95	0
6/9/2010	7.26	3.95	3.31
6/10/2010	4.36	3.95	0.41
6/11/2010	3.67	3.16	0.51
6/12/2010	3.34	3.16	0.18
6/13/2010	3.16	3.16	0
6/14/2010	3.14	3.14	0
6/15/2010	3.96	3.14	0.82
6/16/2010	5.98	3.14	2.84
6/17/2010	4.14	3.15	0.99
6/18/2010	3.82	3.15	0.67
6/19/2010	3.15	3.15	0
6/20/2010	2.51	2.31	0.2
6/21/2010	2.31	2.31	0
6/22/2010	2.48	2.31	0.17
6/23/2010	9.07	4.59	4.48
6/24/2010	7.57	4.59	2.98
6/25/2010	4.59	4.59	0
6/26/2010	3.56	3.56	0
6/27/2010	19.88	3.56	16.32
6/28/2010	15.4	3.56	11.84
6/29/2010	8.54	4.13	4.41
6/30/2010	5.98	4.13	1.85
7/1/2010	4.13	4.13	0
7/2/2010	3.07	2.15	0.92
7/3/2010	2.45	2.15	0.3
7/4/2010	2.15	2.15	0
7/5/2010	1.86	1.7	0.16
7/6/2010	1.7	1.7	0
7/7/2010	2.25	1.7	0.55
7/8/2010	2.62	1.59	1.03
7/9/2010	1.86	1.59	0.27
7/10/2010	1.59	1.59	0
7/11/2010	2.24	1.46	0.78
7/12/2010	1.8	1.46	0.34
7/13/2010	1.46	1.46	0
7/14/2010	2.03	2.03	0
7/15/2010	138.53	2.03	136.5
7/16/2010	51.34	2.03	49.31
7/17/2010	18.63	8.41	10.22
7/18/2010	11.68	8.41	3.27
7/19/2010	8.41	8.41	0
7/20/2010	6.86	5.33	1.53
7/21/2010	5.33	5.33	0
7/22/2010	43.67	5.33	38.34
7/23/2010	136.71	49.71	87
7/24/2010	98.29	49.71	48.58
7/25/2010	49.71	49.71	0
7/26/2010	22.46	12.01	10.45
7/27/2010	15.8	12.01	3.79
7/28/2010	12.01	12.01	0
7/29/2010	9.15	7.78	1.37
7/30/2010	7.78	7.78	0
7/31/2010	8.21	7.78	0.43
8/1/2010	7.32	5.45	1.87
8/2/2010	6.14	5.45	0.69
8/3/2010	5.45	5.45	0
8/4/2010	5.09	3.61	1.48
8/5/2010	4.42	3.61	0.81
8/6/2010	3.61	3.61	0
8/7/2010	3.15	3.15	0
8/8/2010	4.05	3.15	0.9
8/9/2010	12.1	3.15	8.95
8/10/2010	7.68	4.94	2.74
8/11/2010	6.39	4.94	1.45
8/12/2010	4.94	4.94	0
8/13/2010	4.02	3.21	0.81
8/14/2010	3.9	3.21	0.69
8/15/2010	3.21	3.21	0
8/16/2010	2.55	2.08	0.47
8/17/2010	2.21	2.08	0.13
8/18/2010	2.08	2.08	0
8/19/2010	1.94	1.93	0.01
8/20/2010	1.93	1.93	0
8/21/2010	2.14	1.93	0.21
8/22/2010	1.89	1.57	0.32
8/23/2010	1.69	1.57	0.12
8/24/2010	1.57	1.57	0
8/25/2010	1.43	1.15	0.28
8/26/2010	1.24	1.15	0.09
8/27/2010	1.15	1.15	0
8/28/2010	1.05	0.93	0.12
8/29/2010	0.98	0.93	0.05
8/30/2010	0.93	0.93	0
8/31/2010	0.87	0.87	0
9/1/2010	2.96	0.87	2.09
9/2/2010	3.05	0.87	2.18
9/3/2010	3.44	1.71	1.73
9/4/2010	2.23	1.71	0.52
9/5/2010	1.71	1.71	0
9/6/2010	1.98	1.35	0.63
9/7/2010	1.71	1.35	0.36
9/8/2010	1.35	1.35	0
9/9/2010	1.29	1.26	0.03
9/10/2010	1.26	1.26	0
9/11/2010	3.52	1.26	2.26
9/12/2010	2.68	1.57	1.11
9/13/2010	1.92	1.57	0.35
9/14/2010	1.57	1.57	0
9/15/2010	1.39	1.26	0.13
9/16/2010	1.4	1.26	0.14
9/17/2010	1.26	1.26	0
9/18/2010	1.97	1.73	0.24
9/19/2010	1.73	1.73	0
9/20/2010	1.86	1.73	0.13
9/21/2010	1.81	1.55	0.26
9/22/2010	1.7	1.55	0.15
9/23/2010	1.55	1.55	0
9/24/2010	1.29	1.05	0.24
9/25/2010	1.1	1.05	0.05
9/26/2010	1.05	1.05	0
9/27/2010	1.02	0.98	0.04
9/28/2010	1.02	0.98	0.04
9/29/2010	0.98	0.98	0
9/30/2010	0.92	0.87	0.05
10/1/2010	0.87	0.87	0
10/2/2010	0.88	0.87	0.01
10/3/2010	0.9	0.9	0
10/4/2010	0.92	0.9	0.02
10/5/2010	0.93	0.9	0.03
10/6/2010	0.87	0.8	0.07
10/7/2010	0.83	0.8	0.03
10/8/2010	0.8	0.8	0
10/9/2010	0.78	0.78	0
10/10/2010	0.8	0.78	0.02
10/11/2010	0.82	0.78	0.04
10/12/2010	0.82	0.82	0
10/13/2010	0.82	0.82	0
10/14/2010	0.82	0.82	0
10/15/2010	0.85	0.85	0
10/16/2010	0.9	0.85	0.05
10/17/2010	0.89	0.85	0.04
10/18/2010	0.87	0.87	0
10/19/2010	0.88	0.87	0.01
10/20/2010	0.91	0.87	0.04
10/21/2010	0.85	0.85	0
10/22/2010	0.87	0.85	0.02
10/23/2010	0.99	0.85	0.14
10/24/2010	4.1	2.74	1.36
10/25/2010	2.74	2.74	0
10/26/2010	4.08	2.74	1.34
10/27/2010	3.25	2.09	1.16
10/28/2010	2.32	2.09	0.23
10/29/2010	2.09	2.09	0
10/30/2010	2.23	1.87	0.36
10/31/2010	2.06	1.87	0.19
11/1/2010	1.87	1.87	0
11/2/2010	1.74	1.74	0
11/3/2010	1.78	1.74	0.04
11/4/2010	1.8	1.74	0.06
11/5/2010	1.68	1.5	0.18
11/6/2010	1.55	1.5	0.05
11/7/2010	1.5	1.5	0
11/8/2010	1.5	1.44	0.06
11/9/2010	1.48	1.44	0.04
11/10/2010	1.44	1.44	0
11/11/2010	1.4	1.32	0.08
11/12/2010	1.35	1.32	0.03
11/13/2010	1.32	1.32	0
11/14/2010	1.31	1.26	0.05
11/15/2010	1.26	1.26	0
11/16/2010	1.29	1.26	0.03
11/17/2010	1.24	1.13	0.11
11/18/2010	1.13	1.13	0
11/19/2010	1.15	1.13	0.02
11/20/2010	1.12	1.12	0
11/21/2010	1.17	1.12	0.05
11/22/2010	1.41	1.12	0.29
11/23/2010	1.23	1.2	0.03
11/24/2010	1.2	1.2	0
11/25/2010	2.62	1.2	1.42
11/26/2010	1.85	1.37	0.48
11/27/2010	1.5	1.37	0.13
11/28/2010	1.37	1.37	0
11/29/2010	1.46	1.46	0
11/30/2010	2.02	1.46	0.56
12/1/2010	1.6	1.46	0.14
12/2/2010	1.28	1.13	0.15
12/3/2010	1.13	1.13	0
12/4/2010	1.19	1.13	0.06
12/5/2010	1.14	0.93	0.21
12/6/2010	1.05	0.93	0.12
12/7/2010	0.93	0.93	0
12/8/2010	0.88	0.84	0.04
12/9/2010	0.84	0.84	0
12/10/2010	1.01	0.84	0.17
12/11/2010	2.58	2.58	0
12/12/2010	7.93	2.58	5.35
12/13/2010	5.17	2.58	2.59
12/14/2010	3.56	2.1	1.46
12/15/2010	2.66	2.1	0.56
12/16/2010	2.1	2.1	0
12/17/2010	1.72	1.3	0.42
12/18/2010	1.51	1.3	0.21
12/19/2010	1.3	1.3	0
12/20/2010	1.18	1.18	0
12/21/2010	1.33	1.18	0.15
12/22/2010	1.37	1.18	0.19
12/23/2010	1.3	1.29	0.01
12/24/2010	1.3	1.29	0.01
12/25/2010	1.29	1.29	0
12/26/2010	1.27	1.19	0.08
12/27/2010	1.19	1.19	0
12/28/2010	1.19	1.19	0
12/29/2010	1.16	1.16	0
12/30/2010	1.56	1.16	0.4
12/31/2010	9.06	1.16	7.9
1/1/2011	6.35	2.77	3.58
1/2/2011	3.61	2.77	0.84
1/3/2011	2.77	2.77	0
1/4/2011	2.44	1.94	0.5
1/5/2011	2.07	1.94	0.13
1/6/2011	1.94	1.94	0
1/7/2011	1.7	1.46	0.24
1/8/2011	1.6	1.46	0.14
1/9/2011	1.46	1.46	0
1/10/2011	1.36	1.36	0
1/11/2011	1.39	1.36	0.03
1/12/2011	1.38	1.36	0.02
1/13/2011	1.38	1.38	0
1/14/2011	1.38	1.38	0
1/15/2011	1.39	1.38	0.01
1/16/2011	1.38	1.38	0
1/17/2011	1.4	1.38	0.02
1/18/2011	1.49	1.38	0.11
1/19/2011	1.36	1.3	0.06
1/20/2011	1.3	1.3	0
1/21/2011	1.3	1.3	0
1/22/2011	1.3	1.2	0.1
1/23/2011	1.2	1.2	0
1/24/2011	1.25	1.2	0.05
1/25/2011	1.2	1.13	0.07
1/26/2011	1.13	1.13	0
1/27/2011	1.16	1.13	0.03
1/28/2011	1.2	1.13	0.07
1/29/2011	1.2	1.13	0.07
1/30/2011	1.13	1.13	0
1/31/2011	1.1	1.04	0.06
2/1/2011	1.1	1.04	0.06
2/2/2011	1.04	1.04	0
2/3/2011	0.93	0.9	0.03
2/4/2011	0.9	0.9	0
2/5/2011	0.94	0.9	0.04
2/6/2011	0.99	0.99	0
2/7/2011	1	0.99	0.01
2/8/2011	1	0.99	0.01
2/9/2011	1	1	0
2/10/2011	1	1	0
2/11/2011	1	1	0
2/12/2011	1.1	1.1	0
2/13/2011	1.3	1.1	0.2
2/14/2011	1.6	1.1	0.5
2/15/2011	1.81	1.81	0
2/16/2011	2.16	1.81	0.35
2/17/2011	12.46	1.81	10.65
2/18/2011	39.13	13.28	25.85
2/19/2011	22.5	13.28	9.22
2/20/2011	13.28	13.28	0
2/21/2011	10.63	7.44	3.19
2/22/2011	8.35	7.44	0.91
2/23/2011	7.44	7.44	0
2/24/2011	6.81	4.93	1.88
2/25/2011	5.67	4.93	0.74
2/26/2011	4.93	4.93	0
2/27/2011	4.57	3.68	0.89
2/28/2011	3.83	3.68	0.15
3/1/2011	3.68	3.68	0
3/2/2011	3.46	3.33	0.13
3/3/2011	3.33	3.33	0
3/4/2011	3.88	3.33	0.55
3/5/2011	5.89	4.44	1.45
3/6/2011	4.95	4.44	0.51
3/7/2011	4.44	4.44	0
3/8/2011	4.39	4.39	0
3/9/2011	6.32	4.39	1.93
3/10/2011	6.55	4.39	2.16
3/11/2011	7.19	7.19	0
3/12/2011	8.95	7.19	1.76
3/13/2011	8.45	7.19	1.26
3/14/2011	10.84	10.84	0
3/15/2011	13.73	10.84	2.89
3/16/2011	23.58	10.84	12.74
3/17/2011	78.53	45.85	32.68
3/18/2011	76.38	45.85	30.53
3/19/2011	45.85	45.85	0
3/20/2011	85.9	85.9	0
3/21/2011	133.64	85.9	47.74
3/22/2011	106.02	85.9	20.12
3/23/2011	151.27	57.47	93.8
3/24/2011	83.64	57.47	26.17
3/25/2011	57.47	57.47	0
3/26/2011	35.7	21.72	13.98
3/27/2011	26.71	21.72	4.99
3/28/2011	21.72	21.72	0
3/29/2011	18.26	14.76	3.5
3/30/2011	15.98	14.76	1.22
3/31/2011	14.76	14.76	0
4/1/2011	13.35	12.51	0.84
4/2/2011	12.51	12.51	0
4/3/2011	34.44	12.51	21.93
4/4/2011	146.3	43.39	102.91
4/5/2011	68	43.39	24.61
4/6/2011	43.39	43.39	0
4/7/2011	32.54	21.04	11.5
4/8/2011	25.66	21.04	4.62
4/9/2011	21.04	21.04	0
4/10/2011	18.39	11.92	6.47
4/11/2011	15.19	11.92	3.27
4/12/2011	11.92	11.92	0
4/13/2011	10.39	9.07	1.32
4/14/2011	9.07	9.07	0
4/15/2011	9.84	9.07	0.77
4/16/2011	34.38	18.01	16.37
4/17/2011	24.97	18.01	6.96
4/18/2011	18.01	18.01	0
4/19/2011	23.76	23.76	0
4/20/2011	52.11	23.76	28.35
4/21/2011	33.37	23.76	9.61
4/22/2011	30.53	30.53	0
4/23/2011	68.1	30.53	37.57
4/24/2011	34.63	30.53	4.1
4/25/2011	24.88	24.88	0
4/26/2011	103.1	24.88	78.22
4/27/2011	81.58	24.88	56.7
4/28/2011	58.05	27.24	30.81
4/29/2011	37.97	27.24	10.73
4/30/2011	27.24	27.24	0
