Date	MKE.Q	MKE.baseQ	MKE.stormQ	M70.Q	M70.baseQ	M70.stormQ	KK.Q	KK.baseQ	KK.stormQ	Q3	base.Q3	stormQ3
1/1/2009	730	400	330	170	90	80	12	10	2	912	500	412
1/2/2009	630	400	230	130	90	40	10	10	0	770	500	270
1/3/2009	570	400	170	120	90	30	15	10	5	705	500	205
1/4/2009	520	400	120	130	90	40	38	7.7	30.3	688	497.7	190.3
1/5/2009	470	400	70	90	90	0	8.5	7.7	0.8	568.5	497.7	70.8
1/6/2009	430	400	30	70	52	18	7.7	7.7	0	507.7	459.7	48
1/7/2009	400	400	0	68	52	16	8.5	6.5	2	476.5	458.5	18
1/8/2009	370	250	120	62	52	10	7.2	6.5	0.7	439.2	308.5	130.7
1/9/2009	340	250	90	57	52	5	6.5	6.5	0	403.5	308.5	95
1/10/2009	320	250	70	52	52	0	6.6	6.2	0.4	378.6	308.2	70.4
1/11/2009	300	250	50	48	43	5	6.3	6.2	0.1	354.3	299.2	55.1
1/12/2009	280	250	30	47	43	4	6.2	6.2	0	333.2	299.2	34
1/13/2009	270	250	20	48	43	5	5.9	5.4	0.5	323.9	298.4	25.5
1/14/2009	250	250	0	47	43	4	5.6	5.4	0.2	302.6	298.4	4.2
1/15/2009	240	220	20	43	43	0	5.4	5.4	0	288.4	268.4	20
1/16/2009	220	220	0	40	37	3	5.1	5	0.1	265.1	262	3.1
1/17/2009	230	220	10	40	37	3	5	5	0	275	262	13
1/18/2009	240	220	20	39	37	2	5.9	5	0.9	284.9	262	22.9
1/19/2009	240	220	20	38	37	1	5	4.9	0.1	283	261.9	21.1
1/20/2009	250	220	30	37	37	0	4.9	4.9	0	291.9	261.9	30
1/21/2009	250	220	30	37	33	4	4.9	4.9	0	291.9	257.9	34
1/22/2009	250	210	40	38	33	5	4.8	4.2	0.6	292.8	247.2	45.6
1/23/2009	250	210	40	36	33	3	4.7	4.2	0.5	290.7	247.2	43.5
1/24/2009	240	210	30	34	33	1	4.2	4.2	0	278.2	247.2	31
1/25/2009	230	210	20	33	33	0	3.9	3.6	0.3	266.9	246.6	20.3
1/26/2009	220	210	10	31	31	0	3.7	3.6	0.1	254.7	244.6	10.1
1/27/2009	220	210	10	31	31	0	3.6	3.6	0	254.6	244.6	10
1/28/2009	210	210	0	33	31	2	3.9	3.8	0.1	246.9	244.8	2.1
1/29/2009	210	210	0	32	31	1	3.8	3.8	0	245.8	244.8	1
1/30/2009	210	210	0	31	31	0	3.8	3.8	0	244.8	244.8	0
1/31/2009	210	210	0	31	28	3	3.64	3.55	0.09	244.64	241.55	3.09
2/1/2009	210	210	0	32	28	4	3.6	3.55	0.05	245.6	241.55	4.05
2/2/2009	210	210	0	31	28	3	3.55	3.55	0	244.55	241.55	3
2/3/2009	210	210	0	29	28	1	3.7	3.3	0.4	242.7	241.3	1.4
2/4/2009	210	210	0	28	28	0	3.6	3.3	0.3	241.6	241.3	0.3
2/5/2009	210	210	0	27	27	0	3.3	3.3	0	240.3	240.3	0
2/6/2009	210	210	0	35	27	8	8	8	0	253	245	8
2/7/2009	340	210	130	210	27	183	100	8	92	650	245	405
2/8/2009	460	210	250	270	27	243	26	8	18	756	245	511
2/9/2009	600	210	390	360	27	333	40	40	0	1000	277	723
2/10/2009	900	210	690	490	222.93	267.07	80	40	40	1470	472.93	997.07
2/11/2009	1300	210	1090	596.01	222.93	373.08	109.72	40	69.72	2005.73	472.93	1532.8
2/12/2009	1600	872.34	727.66	466.85	222.93	243.92	30.07	13.52	16.55	2096.92	1108.79	988.13
2/13/2009	1700	872.34	827.66	311.49	222.93	88.56	13.53	13.52	0.01	2025.02	1108.79	916.23
2/14/2009	1494.95	872.34	622.61	222.93	222.93	0	13.52	13.52	0	1731.4	1108.79	622.61
2/15/2009	1372.17	872.34	499.83	153.45	86	67.45	9.2	7.2	2	1534.82	965.54	569.28
2/16/2009	1238	872.34	365.66	100	86	14	7.8	7.2	0.6	1345.8	965.54	380.26
2/17/2009	1010.7	872.34	138.36	97	86	11	7.2	7.2	0	1114.9	965.54	149.36
2/18/2009	872.34	872.34	0	90	86	4	9.5	6	3.5	971.84	964.34	7.5
2/19/2009	832.23	482.22	350.01	86	86	0	6.9	6	0.9	925.13	574.22	350.91
2/20/2009	687.11	482.22	204.89	82	74	8	6	6	0	775.11	562.22	212.89
2/21/2009	605.32	482.22	123.1	79	74	5	5.7	5.7	0	690.02	561.92	128.1
2/22/2009	558.05	482.22	75.83	77	74	3	6.2	5.7	0.5	641.25	561.92	79.33
2/23/2009	537.15	482.22	54.93	75	74	1	5.8	5.7	0.1	617.95	561.92	56.03
2/24/2009	517.91	482.22	35.69	74	74	0	9	9	0	600.91	565.22	35.69
2/25/2009	482.22	482.22	0	130	130	0	27.95	9	18.95	640.17	621.22	18.95
2/26/2009	736.11	684.09	52.02	420	130	290	321.45	9	312.45	1477.56	823.09	654.47
2/27/2009	1051.59	684.09	367.5	567.18	130	437.18	71.85	8.2	63.65	1690.62	822.29	868.33
2/28/2009	1228.96	684.09	544.87	266.28	130	136.28	10	8.2	1.8	1505.24	822.29	682.95
3/1/2009	1227.01	684.09	542.92	140	130	10	8.2	8.2	0	1375.21	822.29	552.92
3/2/2009	917.47	684.09	233.38	110	94	16	8	8	0	1035.47	786.09	249.38
3/3/2009	764.23	684.09	80.14	95	94	1	8.4	8	0.4	867.63	786.09	81.54
3/4/2009	684.09	684.09	0	94	94	0	10	8	2	788.09	786.09	2
3/5/2009	661.14	661.14	0	160	94	66	69.71	43.99	25.72	890.85	799.13	91.72
3/6/2009	876.52	661.14	215.38	270	94	176	43.99	43.99	0	1190.51	799.13	391.38
3/7/2009	1600.88	661.14	939.74	679.23	679.23	0	182.04	43.99	138.05	2462.15	1384.36	1077.79
3/8/2009	2755.12	661.14	2093.98	1221.14	679.23	541.91	308.46	71.74	236.72	4284.72	1412.11	2872.61
3/9/2009	3711.46	661.14	3050.32	1104.63	679.23	425.4	71.74	71.74	0	4887.83	1412.11	3475.72
3/10/2009	4485.65	661.14	3824.51	1465.88	679.23	786.65	235.04	71.74	163.3	6186.57	1412.11	4774.46
3/11/2009	4872.63	661.14	4211.49	999.29	679.23	320.06	31.09	10.9	20.19	5903.01	1351.27	4551.74
3/12/2009	4400	1900	2500	627.08	184.59	442.49	14.28	10.9	3.38	5041.36	2095.49	2945.87
3/13/2009	3800	1900	1900	443.23	184.59	258.64	10.9	10.9	0	4254.13	2095.49	2158.64
3/14/2009	3200	1900	1300	299.27	184.59	114.68	9.58	9.01	0.57	3508.85	2093.6	1415.25
3/15/2009	2600	1900	700	226	184.59	41.41	9.01	9.01	0	2835.01	2093.6	741.41
3/16/2009	2200	1900	300	184.59	184.59	0	9.22	9.01	0.21	2393.81	2093.6	300.21
3/17/2009	1900	1900	0	179.08	120.3	58.78	11.1	10.52	0.58	2090.18	2030.82	59.36
3/18/2009	1900	1900	0	180.01	120.3	59.71	12.41	10.52	1.89	2092.42	2030.82	61.6
3/19/2009	1796.18	1157.77	638.41	161.18	120.3	40.88	10.52	10.52	0	1967.88	1288.59	679.29
3/20/2009	1698.49	1157.77	540.72	141.12	120.3	20.82	10.4	8.92	1.48	1850.01	1286.99	563.02
3/21/2009	1539.29	1157.77	381.52	120.3	120.3	0	9.17	8.92	0.25	1668.76	1286.99	381.77
3/22/2009	1390.02	1157.77	232.25	110.58	104.41	6.17	8.92	8.92	0	1509.52	1271.1	238.42
3/23/2009	1263.99	1157.77	106.22	104.41	104.41	0	9.99	9.99	0	1378.39	1272.17	106.22
3/24/2009	1157.77	1157.77	0	120.5	104.41	16.09	20.48	9.99	10.49	1298.75	1272.17	26.58
3/25/2009	1227.36	1157.77	69.59	304.26	104.41	199.85	37.04	9.99	27.05	1568.66	1272.17	296.49
3/26/2009	1350.06	1300	50.06	224.18	104.41	119.77	10.53	9.25	1.28	1584.77	1413.66	171.11
3/27/2009	1451.11	1300	151.11	174.5	147.9	26.6	9.25	9.25	0	1634.86	1457.15	177.71
3/28/2009	1397.32	1300	97.32	147.9	147.9	0	9.41	9.25	0.16	1554.63	1457.15	97.48
3/29/2009	1368.86	1300	68.86	209.49	147.9	61.59	43.97	35.6	8.37	1622.32	1483.5	138.82
3/30/2009	1300	1300	0	177.91	147.9	30.01	35.6	35.6	0	1513.51	1483.5	30.01
3/31/2009	1300	1300	0	277.41	147.9	129.51	114.28	35.6	78.68	1691.69	1483.5	208.19
4/1/2009	1400	1300	100	360.61	137.89	222.72	53.55	24.89	28.66	1814.16	1462.78	351.38
4/2/2009	1405.39	804.89	600.5	256.02	137.89	118.13	24.89	24.89	0	1686.3	967.67	718.63
4/3/2009	1326.59	804.89	521.7	233.61	137.89	95.72	31.19	24.89	6.3	1591.39	967.67	623.72
4/4/2009	1205.19	804.89	400.3	170.16	137.89	32.27	15.41	11.63	3.78	1390.76	954.41	436.35
4/5/2009	1100.91	804.89	296.02	137.89	137.89	0	12.36	11.63	0.73	1251.16	954.41	296.75
4/6/2009	992.66	804.89	187.77	117.98	75.14	42.84	11.63	11.63	0	1122.27	891.66	230.61
4/7/2009	896.72	804.89	91.83	103.12	75.14	27.98	10.43	9.38	1.05	1010.27	889.41	120.86
4/8/2009	804.89	804.89	0	88.92	75.14	13.78	9.54	9.38	0.16	903.35	889.41	13.94
4/9/2009	733.2	476.33	256.87	87.63	75.14	12.49	9.38	9.38	0	830.21	560.85	269.36
4/10/2009	666.66	476.33	190.33	75.14	75.14	0	8.68	7.51	1.17	750.48	558.98	191.5
4/11/2009	604.59	476.33	128.26	61.56	51.02	10.54	8	7.51	0.49	674.15	534.86	139.29
4/12/2009	569.93	476.33	93.6	60.36	51.02	9.34	7.51	7.51	0	637.8	534.86	102.94
4/13/2009	526.56	476.33	50.23	56.38	51.02	5.36	9.77	7.49	2.28	592.71	534.84	57.87
4/14/2009	497.61	476.33	21.28	65.74	51.02	14.72	18.81	7.49	11.32	582.16	534.84	47.32
4/15/2009	476.33	476.33	0	51.02	51.02	0	7.49	7.49	0	534.84	534.84	0
4/16/2009	470	420	50	45.31	39.83	5.48	7.69	7.52	0.17	523	467.35	55.65
4/17/2009	440	420	20	41.14	39.83	1.31	8.54	7.52	1.02	489.68	467.35	22.33
4/18/2009	430	420	10	39.83	39.83	0	7.52	7.52	0	477.35	467.35	10
4/19/2009	420	420	0	122.1	39.83	82.27	62.78	47.23	15.55	604.88	507.06	97.82
4/20/2009	730	420	310	448.52	39.83	408.69	127.83	47.23	80.6	1306.35	507.06	799.29
4/21/2009	934.06	420	514.06	305.78	137.87	167.91	47.23	47.23	0	1287.07	605.1	681.97
4/22/2009	1075.25	420	655.25	220.77	137.87	82.9	18.36	12.65	5.71	1314.38	570.52	743.86
4/23/2009	1081.75	1021.8	59.95	172.06	137.87	34.19	14.34	12.65	1.69	1268.15	1172.32	95.83
4/24/2009	1021.8	1021.8	0	137.87	137.87	0	12.65	12.65	0	1172.32	1172.32	0
4/25/2009	1316.95	1021.8	295.15	579.36	137.87	441.49	136.21	77.69	58.52	2032.52	1237.36	795.16
4/26/2009	3099.39	1021.8	2077.59	2155.26	483.14	1672.12	592.33	77.69	514.64	5846.98	1582.63	4264.35
4/27/2009	4275.95	1021.8	3254.15	1767.42	483.14	1284.28	77.69	77.69	0	6121.06	1582.63	4538.43
4/28/2009	3750.81	1021.8	2729.01	857.83	483.14	374.69	53.08	24.66	28.42	4661.72	1529.6	3132.12
4/29/2009	3140.96	1021.8	2119.16	580.66	483.14	97.52	24.66	24.66	0	3746.28	1529.6	2216.68
4/30/2009	2671.08	1040.69	1630.39	483.14	483.14	0	81.3	24.66	56.64	3235.52	1548.49	1687.03
5/1/2009	2318.28	1040.69	1277.59	340.02	121.61	218.41	29.9	16.47	13.43	2688.2	1178.77	1509.43
5/2/2009	1948.89	1040.69	908.2	241.27	121.61	119.66	19.92	16.47	3.45	2210.08	1178.77	1031.31
5/3/2009	1621.08	1040.69	580.39	181.8	121.61	60.19	16.47	16.47	0	1819.35	1178.77	640.58
5/4/2009	1353.22	1040.69	312.53	148.02	121.61	26.41	14.96	13.38	1.58	1516.2	1175.68	340.52
5/5/2009	1160.25	1040.69	119.56	121.61	121.61	0	13.38	13.38	0	1295.24	1175.68	119.56
5/6/2009	1040.69	1040.69	0	134.4	134.4	0	15.44	13.38	2.06	1190.53	1188.47	2.06
5/7/2009	1153.94	1014.03	139.91	345.76	134.4	211.36	34.63	13.73	20.9	1534.33	1162.16	372.17
5/8/2009	1014.03	1014.03	0	203.16	134.4	68.76	13.73	13.73	0	1230.92	1162.16	68.76
5/9/2009	1286.93	1014.03	272.9	391	134.4	256.6	97.28	13.73	83.55	1775.21	1162.16	613.05
5/10/2009	1584.31	1014.03	570.28	296.64	134.4	162.24	14.95	11.35	3.6	1895.9	1159.78	736.12
5/11/2009	1646.17	1014.03	632.14	218.54	165.03	53.51	12.54	11.35	1.19	1877.25	1190.41	686.84
5/12/2009	1476.69	1014.03	462.66	165.03	165.03	0	11.35	11.35	0	1653.07	1190.41	462.66
5/13/2009	1315.72	1014.03	301.69	323.76	165.03	158.73	278.47	25.62	252.85	1917.95	1204.68	713.27
5/14/2009	1932.49	1000	932.49	800.5	165.03	635.47	196.33	25.62	170.71	2929.32	1190.65	1738.67
5/15/2009	1854.11	1000	854.11	390.11	165.03	225.08	25.62	25.62	0	2269.84	1190.65	1079.19
5/16/2009	1710.52	1000	710.52	269.06	95.28	173.78	17.63	12.28	5.35	1997.21	1107.56	889.65
5/17/2009	1494.97	1000	494.97	189.6	95.28	94.32	13.91	12.28	1.63	1698.48	1107.56	590.92
5/18/2009	1305.55	1000	305.55	139.07	95.28	43.79	12.28	12.28	0	1456.9	1107.56	349.34
5/19/2009	1170.73	1000	170.73	112.98	95.28	17.7	11.44	9.99	1.45	1295.15	1105.27	189.88
5/20/2009	1000	1000	0	95.28	95.28	0	10.9	9.99	0.91	1106.18	1105.27	0.91
5/21/2009	880	475.61	404.39	78.65	58.12	20.53	9.99	9.99	0	968.64	543.72	424.92
5/22/2009	750	475.61	274.39	66.75	58.12	8.63	8.68	7.98	0.7	825.43	541.71	283.72
5/23/2009	651.41	475.61	175.8	68.75	58.12	10.63	7.98	7.98	0	728.14	541.71	186.43
5/24/2009	581.7	475.61	106.09	67.6	58.12	9.48	9.37	7.98	1.39	658.67	541.71	116.96
5/25/2009	517.82	475.61	42.21	58.12	58.12	0	9.47	9.47	0	585.41	543.2	42.21
5/26/2009	475.61	475.61	0	57.01	57.01	0	11.09	9.47	1.62	543.71	542.09	1.62
5/27/2009	496.23	475.61	20.62	147.87	57.01	90.86	53.78	9.47	44.31	697.88	542.09	155.79
5/28/2009	472.07	391.86	80.21	82.31	57.01	25.3	10.19	7.64	2.55	564.57	456.51	108.06
5/29/2009	491.45	391.86	99.59	65.67	57.01	8.66	8.63	7.64	0.99	565.75	456.51	109.24
5/30/2009	472.67	391.86	80.81	57.16	57.01	0.15	7.64	7.64	0	537.47	456.51	80.96
5/31/2009	446.43	391.86	54.57	50.94	42.22	8.72	7	7	0	504.37	441.08	63.29
6/1/2009	423.53	391.86	31.67	71.56	42.22	29.34	20.49	7	13.49	515.58	441.08	74.5
6/2/2009	402.39	391.86	10.53	47.8	42.22	5.58	7.61	7	0.61	457.8	441.08	16.72
6/3/2009	391.86	391.86	0	44.89	42.22	2.67	7.2	6.99	0.21	443.95	441.07	2.88
6/4/2009	366.52	301.43	65.09	42.22	42.22	0	6.99	6.99	0	415.73	350.64	65.09
6/5/2009	336.02	301.43	34.59	40.06	38.81	1.25	6.99	6.99	0	383.07	347.23	35.84
6/6/2009	314.6	301.43	13.17	38.81	38.81	0	6.97	6.97	0	360.38	347.21	13.17
6/7/2009	301.43	301.43	0	40.49	38.81	1.68	7.04	6.97	0.07	348.96	347.21	1.75
6/8/2009	794.8	301.43	493.37	612.03	38.81	573.22	230.89	6.97	223.92	1637.72	347.21	1290.51
6/9/2009	1064.21	301.43	762.78	259.77	38.81	220.96	13.02	10.95	2.07	1337	351.19	985.81
6/10/2009	1305.12	301.43	1003.69	128.27	48.64	79.63	11.53	10.95	0.58	1444.92	361.02	1083.9
6/11/2009	1258.22	540.22	718	87.36	48.64	38.72	10.95	10.95	0	1356.53	599.81	756.72
6/12/2009	1145.48	540.22	605.26	63.08	48.64	14.44	8.88	7.03	1.85	1217.44	595.89	621.55
6/13/2009	1050.26	540.22	510.04	58.42	48.64	9.78	7.85	7.03	0.82	1116.53	595.89	520.64
6/14/2009	929.57	540.22	389.35	48.64	48.64	0	7.03	7.03	0	985.24	595.89	389.35
6/15/2009	773.37	540.22	233.15	42.84	39.08	3.76	6.8	6.8	0	823.01	586.1	236.91
6/16/2009	623.19	540.22	82.97	40.74	39.08	1.66	8.5	6.8	1.7	672.43	586.1	86.33
6/17/2009	540.22	540.22	0	44.4	39.08	5.32	12.7	6.8	5.9	597.32	586.1	11.22
6/18/2009	472.8	398.48	74.32	39.08	39.08	0	6.97	6.97	0	518.85	444.53	74.32
6/19/2009	1336.47	398.48	937.99	3418.55	39.08	3379.47	1186.41	6.97	1179.44	5941.43	444.53	5496.9
6/20/2009	716.53	398.48	318.05	878.03	82.73	795.3	140.77	6.97	133.8	1735.33	488.18	1247.15
6/21/2009	552.34	398.48	153.86	314.97	82.73	232.24	26.9	12.33	14.57	894.21	493.54	400.67
6/22/2009	490.34	398.48	91.86	163.01	82.73	80.28	16.39	12.33	4.06	669.74	493.54	176.2
6/23/2009	439.23	398.48	40.75	111.32	82.73	28.59	12.33	12.33	0	562.88	493.54	69.34
6/24/2009	398.48	398.48	0	82.73	82.73	0	10.25	7.45	2.8	491.46	488.66	2.8
6/25/2009	355.65	227.74	127.91	66.35	45.17	21.18	8.7	7.45	1.25	430.7	280.36	150.34
6/26/2009	314.37	227.74	86.63	55.07	45.17	9.9	7.45	7.45	0	376.89	280.36	96.53
6/27/2009	284.42	227.74	56.68	47.65	45.17	2.48	6.58	6.43	0.15	338.65	279.34	59.31
6/28/2009	267.16	227.74	39.42	52.49	45.17	7.32	6.43	6.43	0	326.08	279.34	46.74
6/29/2009	246.37	227.74	18.63	45.17	45.17	0	7.52	6.43	1.09	299.06	279.34	19.72
6/30/2009	238.02	227.74	10.28	44.06	31.79	12.27	8.09	6.98	1.11	290.17	266.51	23.66
7/1/2009	227.74	227.74	0	38.95	31.79	7.16	7.86	6.98	0.88	274.55	266.51	8.04
7/2/2009	222.11	182.36	39.75	36.19	31.79	4.4	6.98	6.98	0	265.28	221.13	44.15
7/3/2009	217.51	182.36	35.15	34.21	31.79	2.42	5.35	4.94	0.41	257.07	219.09	37.98
7/4/2009	211.39	182.36	29.03	31.79	31.79	0	5	4.94	0.06	248.18	219.09	29.09
7/5/2009	205.07	182.36	22.71	29.76	23.95	5.81	4.94	4.94	0	239.77	211.25	28.52
7/6/2009	195.82	182.36	13.46	27.6	23.95	3.65	7.97	7.96	0.01	231.39	214.27	17.12
7/7/2009	189.54	182.36	7.18	25.87	23.95	1.92	12.28	7.96	4.32	227.69	214.27	13.42
7/8/2009	182.36	182.36	0	25.07	23.95	1.12	7.96	7.96	0	215.39	214.27	1.12
7/9/2009	176.57	160	16.57	23.95	23.95	0	5.88	5.8	0.08	206.4	189.75	16.65
7/10/2009	170.54	160	10.54	23.6	23.12	0.48	5.8	5.8	0	199.94	188.92	11.02
7/11/2009	196.32	160	36.32	37.39	23.12	14.27	13.55	5.8	7.75	247.26	188.92	58.34
7/12/2009	178.95	160	18.95	29.21	23.12	6.09	5.96	5.96	0	214.12	189.08	25.04
7/13/2009	174.85	160	14.85	23.95	23.12	0.83	6.02	5.96	0.06	204.82	189.08	15.74
7/14/2009	160	160	0	23.12	23.12	0	5.99	5.96	0.03	189.11	189.08	0.03
7/15/2009	170	160	10	57.34	20.73	36.61	44.5	6.34	38.16	271.84	187.07	84.77
7/16/2009	157.49	145.73	11.76	28.95	20.73	8.22	6.96	6.34	0.62	193.4	172.8	20.6
7/17/2009	151.49	145.73	5.76	21.79	20.73	1.06	6.34	6.34	0	179.62	172.8	6.82
7/18/2009	153.85	145.73	8.12	20.91	20.73	0.18	6.45	5.61	0.84	181.21	172.07	9.14
7/19/2009	147.24	145.73	1.51	20.73	20.73	0	5.78	5.61	0.17	173.75	172.07	1.68
7/20/2009	147.32	145.73	1.59	20.32	19.88	0.44	5.61	5.61	0	173.25	171.22	2.03
7/21/2009	145.73	145.73	0	19.88	19.88	0	5.76	5.76	0	171.37	171.37	0
7/22/2009	153.99	145.73	8.26	41.95	19.88	22.07	6.55	5.76	0.79	202.49	171.37	31.12
7/23/2009	172.69	160.11	12.58	35.33	19.88	15.45	6.2	5.76	0.44	214.22	185.75	28.47
7/24/2009	190.91	160.11	30.8	25.41	19.88	5.53	9.47	4.62	4.85	225.79	184.61	41.18
7/25/2009	180.64	160.11	20.53	21.4	16.8	4.6	6.3	4.62	1.68	208.34	181.53	26.81
7/26/2009	160.11	160.11	0	20.96	16.8	4.16	4.62	4.62	0	185.69	181.53	4.16
7/27/2009	161.33	160.11	1.22	19.07	16.8	2.27	5.55	5.2	0.35	185.95	182.11	3.84
7/28/2009	177.9	160.11	17.79	18.53	16.8	1.73	6.5	5.2	1.3	202.93	182.11	20.82
7/29/2009	163.17	160.11	3.06	16.8	16.8	0	5.2	5.2	0	185.17	182.11	3.06
7/30/2009	166.09	145.84	20.25	16.09	13.55	2.54	5.41	5.28	0.13	187.59	164.67	22.92
7/31/2009	190.1	145.84	44.26	15.8	13.55	2.25	5.28	5.28	0	211.18	164.67	46.51
8/1/2009	168.5	145.84	22.66	15.62	13.55	2.07	5.55	5.28	0.27	189.67	164.67	25
8/2/2009	163.67	145.84	17.83	14.53	13.55	0.98	5.94	5.57	0.37	184.14	164.96	19.18
8/3/2009	154.43	145.84	8.59	13.55	13.55	0	6.12	5.57	0.55	174.1	164.96	9.14
8/4/2009	151.95	145.84	6.11	13.89	12.88	1.01	5.57	5.57	0	171.41	164.29	7.12
8/5/2009	145.84	145.84	0	13.77	12.88	0.89	5.46	5.26	0.2	165.07	163.98	1.09
8/6/2009	143.21	143.21	0	12.88	12.88	0	5.26	5.26	0	161.35	161.35	0
8/7/2009	157.57	143.21	14.36	53.42	12.88	40.54	34.6	5.26	29.34	245.59	161.35	84.24
8/8/2009	363.96	143.21	220.75	312.11	12.88	299.23	104.32	40.16	64.16	780.39	196.25	584.14
8/9/2009	216.1	143.21	72.89	62.76	16.38	46.38	40.16	40.16	0	319.02	199.75	119.27
8/10/2009	355.89	143.21	212.68	142.08	16.38	125.7	129.27	40.16	89.11	627.24	199.75	427.49
8/11/2009	219.27	143.21	76.06	29.9	16.38	13.52	8.53	5.79	2.74	257.7	165.38	92.32
8/12/2009	185.73	143.21	42.52	20.37	16.38	3.99	6.65	5.79	0.86	212.75	165.38	47.37
8/13/2009	168.14	139.72	28.42	16.38	16.38	0	5.79	5.79	0	190.31	161.89	28.42
8/14/2009	153.97	139.72	14.25	14.02	11.86	2.16	5.51	5.49	0.02	173.5	157.07	16.43
8/15/2009	145.35	139.72	5.63	12.84	11.86	0.98	5.53	5.49	0.04	163.72	157.07	6.65
8/16/2009	139.72	139.72	0	11.86	11.86	0	5.49	5.49	0	157.07	157.07	0
8/17/2009	140.69	139.72	0.97	12.96	11.86	1.1	10.83	6.41	4.42	164.48	157.99	6.49
8/18/2009	139.99	139.72	0.27	12.57	11.86	0.71	6.41	6.41	0	158.97	157.99	0.98
8/19/2009	147.64	139.72	7.92	12.61	12.25	0.36	6.92	6.41	0.51	167.17	158.38	8.79
8/20/2009	221.89	147.13	74.76	56.43	12.25	44.18	34.16	8.09	26.07	312.48	167.47	145.01
8/21/2009	181.03	147.13	33.9	32.42	12.25	20.17	33.53	8.09	25.44	246.98	167.47	79.51
8/22/2009	161.57	147.13	14.44	16.76	12.25	4.51	8.09	8.09	0	186.42	167.47	18.95
8/23/2009	154.23	147.13	7.1	12.25	12.25	0	5.67	5.67	0	172.15	165.05	7.1
8/24/2009	147.13	147.13	0	10.82	10.82	0	5.82	5.67	0.15	163.77	163.62	0.15
8/25/2009	157.63	147.13	10.5	41.49	10.82	30.67	30.44	5.67	24.77	229.56	163.62	65.94
8/26/2009	422.61	147.13	275.48	182.02	10.82	171.2	68.17	9.55	58.62	672.8	167.5	505.3
8/27/2009	252.16	160.12	92.04	53.75	10.82	42.93	24.53	9.55	14.98	330.44	180.49	149.95
8/28/2009	245.01	160.12	84.89	29.31	10.82	18.49	9.55	9.55	0	283.87	180.49	103.38
8/29/2009	193.84	160.12	33.72	27.76	11.92	15.84	8.81	5.22	3.59	230.41	177.26	53.15
8/30/2009	176.51	160.12	16.39	19.86	11.92	7.94	6.81	5.22	1.59	203.18	177.26	25.92
8/31/2009	173.83	160.12	13.71	16.14	11.92	4.22	5.22	5.22	0	195.19	177.26	17.93
9/1/2009	166	160.12	5.88	13.37	11.92	1.45	5.06	5.06	0	184.43	177.1	7.33
9/2/2009	160.12	160.12	0	11.92	11.92	0	5.09	5.06	0.03	177.13	177.1	0.03
9/3/2009	150.17	119.86	30.31	11.82	9.16	2.66	5.16	5.06	0.1	167.15	134.08	33.07
9/4/2009	142.75	119.86	22.89	11.07	9.16	1.91	4.85	4.34	0.51	158.67	133.36	25.31
9/5/2009	137.44	119.86	17.58	10.62	9.16	1.46	4.34	4.34	0	152.4	133.36	19.04
9/6/2009	128.37	119.86	8.51	10.05	9.16	0.89	4.44	4.34	0.1	142.86	133.36	9.5
9/7/2009	125.15	119.86	5.29	9.16	9.16	0	4.38	4.38	0	138.69	133.4	5.29
9/8/2009	120.28	119.86	0.42	9.51	8.38	1.13	4.85	4.38	0.47	134.64	132.62	2.02
9/9/2009	119.86	119.86	0	8.99	8.38	0.61	5.38	4.38	1	134.23	132.62	1.61
9/10/2009	119.58	104.37	15.21	8.69	8.38	0.31	5.99	4.67	1.32	134.26	117.42	16.84
9/11/2009	119.24	104.37	14.87	8.51	8.38	0.13	6.01	4.67	1.34	133.76	117.42	16.34
9/12/2009	117.2	104.37	12.83	8.38	8.38	0	4.67	4.67	0	130.25	117.42	12.83
9/13/2009	109.84	104.37	5.47	7.55	6.66	0.89	4.09	4.09	0	121.48	115.12	6.36
9/14/2009	119.48	104.37	15.11	7.6	6.66	0.94	4.46	4.09	0.37	131.54	115.12	16.42
9/15/2009	109.93	104.37	5.56	7.08	6.66	0.42	5.72	4.09	1.63	122.73	115.12	7.61
9/16/2009	104.37	104.37	0	6.66	6.66	0	5.58	5.58	0	116.61	116.61	0
9/17/2009	99.12	99.12	0	7.3	6.66	0.64	5.92	5.58	0.34	112.34	111.36	0.98
9/18/2009	99.67	99.12	0.55	6.28	5.72	0.56	6.06	5.58	0.48	112.01	110.42	1.59
9/19/2009	100.26	99.12	1.14	5.72	5.72	0	5.09	5.09	0	111.07	109.93	1.14
9/20/2009	105.49	99.12	6.37	14.95	5.72	9.23	17.36	5.09	12.27	137.8	109.93	27.87
9/21/2009	134.61	99.12	35.49	32.79	5.72	27.07	16.46	5.09	11.37	183.86	109.93	73.93
9/22/2009	174.28	99.12	75.16	107.07	5.72	101.35	36.13	5.68	30.45	317.48	110.52	206.96
9/23/2009	213.99	99.12	114.87	74.95	23.02	51.93	8.98	5.68	3.3	297.92	127.82	170.1
9/24/2009	176.8	176.8	0	25.14	23.02	2.12	5.68	5.68	0	207.62	205.5	2.12
9/25/2009	191.58	176.8	14.78	23.02	23.02	0	24.01	13.35	10.66	238.61	213.17	25.44
9/26/2009	186.56	176.8	9.76	28.63	23.02	5.61	13.35	13.35	0	228.54	213.17	15.37
9/27/2009	207.62	176.8	30.82	136.16	23.02	113.14	93.3	13.35	79.95	437.08	213.17	223.91
9/28/2009	323.8	176.8	147	136.25	25.1	111.15	32.98	7.48	25.5	493.03	209.38	283.65
9/29/2009	218.59	176.8	41.79	37.45	25.1	12.35	9.25	7.48	1.77	265.29	209.38	55.91
9/30/2009	210.26	176.8	33.46	25.1	25.1	0	7.48	7.48	0	242.84	209.38	33.46
10/1/2009	191.69	191.69	0	82.83	25.1	57.73	50.49	10.37	40.12	325.01	227.16	97.85
10/2/2009	439.66	191.69	247.97	286.37	25.1	261.27	120.36	10.37	109.99	846.39	227.16	619.23
10/3/2009	287.19	191.69	95.5	72.9	28.65	44.25	10.37	10.37	0	370.46	230.71	139.75
10/4/2009	308.66	191.69	116.97	39.82	28.65	11.17	6.94	6.66	0.28	355.42	227	128.42
10/5/2009	251.04	191.69	59.35	28.65	28.65	0	6.66	6.66	0	286.35	227	59.35
10/6/2009	233.55	191.69	41.86	43.33	28.65	14.68	16.85	6.66	10.19	293.73	227	66.73
10/7/2009	230.01	191.69	38.32	40.95	28.65	12.3	8.28	8.28	0	279.24	228.62	50.62
10/8/2009	230.29	184.27	46.02	30.44	16.77	13.67	9.08	8.28	0.8	269.81	209.32	60.49
10/9/2009	243.42	184.27	59.15	28.1	16.77	11.33	15.56	8.28	7.28	287.08	209.32	77.76
10/10/2009	232.46	184.27	48.19	23.37	16.77	6.6	7.85	5.39	2.46	263.68	206.43	57.25
10/11/2009	217.66	184.27	33.39	18.4	16.77	1.63	5.39	5.39	0	241.45	206.43	35.02
10/12/2009	202.39	184.27	18.12	16.77	16.77	0	8.18	5.39	2.79	227.34	206.43	20.91
10/13/2009	192.21	184.27	7.94	15.59	14.89	0.7	5.72	4.66	1.06	213.52	203.82	9.7
10/14/2009	184.27	184.27	0	14.89	14.89	0	4.66	4.66	0	203.82	203.82	0
10/15/2009	201.34	196.37	4.97	42.21	14.89	27.32	26.6	4.66	21.94	270.15	215.92	54.23
10/16/2009	218.92	196.37	22.55	42.39	14.89	27.5	13.12	4.28	8.84	274.43	215.54	58.89
10/17/2009	217.08	196.37	20.71	28.24	14.89	13.35	5.56	4.28	1.28	250.88	215.54	35.34
10/18/2009	220.67	196.37	24.3	22.86	19.13	3.73	4.28	4.28	0	247.81	219.78	28.03
10/19/2009	210.89	196.37	14.52	20.4	19.13	1.27	3.95	3.95	0	235.24	219.45	15.79
10/20/2009	201.28	196.37	4.91	19.13	19.13	0	4.48	3.95	0.53	224.89	219.45	5.44
10/21/2009	196.37	196.37	0	19.53	19.13	0.4	4.17	3.95	0.22	220.07	219.45	0.62
10/22/2009	261.66	261.66	0	135	19.13	115.87	64.65	30.38	34.27	461.31	311.17	150.14
10/23/2009	996.63	261.66	734.97	665.22	145.02	520.2	358.45	30.38	328.07	2020.3	437.06	1583.24
10/24/2009	989.01	261.66	727.35	327.26	145.02	182.24	30.38	30.38	0	1346.65	437.06	909.59
10/25/2009	768.13	261.66	506.47	145.02	145.02	0	13.31	13.31	0	926.46	419.99	506.47
10/26/2009	683.18	261.66	421.52	240.58	145.02	95.56	91.33	13.31	78.02	1015.09	419.99	595.1
10/27/2009	594.64	261.66	332.98	152.17	145.02	7.15	17.43	13.31	4.12	764.24	419.99	344.25
10/28/2009	568.75	261.66	307.09	102.07	81.1	20.97	9.51	7.28	2.23	680.33	350.04	330.29
10/29/2009	518.36	437.21	81.15	81.1	81.1	0	7.28	7.28	0	606.74	525.59	81.15
10/30/2009	665.72	437.21	228.51	343.44	81.1	262.34	139.44	7.28	132.16	1148.6	525.59	623.01
10/31/2009	596.1	437.21	158.89	202.26	81.1	121.16	17.33	6.88	10.45	815.69	525.19	290.5
11/1/2009	595.05	437.21	157.84	122.52	81.1	41.42	8.09	6.88	1.21	725.66	525.19	200.47
11/2/2009	526.25	437.21	89.04	89.55	52.15	37.4	6.88	6.88	0	622.68	496.24	126.44
11/3/2009	477.79	437.21	40.58	72.92	52.15	20.77	6.26	6.04	0.22	556.97	495.4	61.57
11/4/2009	437.21	437.21	0	63.05	52.15	10.9	6.27	6.04	0.23	506.53	495.4	11.13
11/5/2009	402.09	274.99	127.1	56	52.15	3.85	6.04	6.04	0	464.13	333.18	130.95
11/6/2009	373.28	274.99	98.29	52.15	52.15	0	6.07	4.51	1.56	431.5	331.65	99.85
11/7/2009	342.89	274.99	67.9	49.08	40.23	8.85	4.96	4.51	0.45	396.93	319.73	77.2
11/8/2009	324.81	274.99	49.82	46.76	40.23	6.53	4.51	4.51	0	376.08	319.73	56.35
11/9/2009	305.45	274.99	30.46	44.23	40.23	4	4.74	4.34	0.4	354.42	319.56	34.86
11/10/2009	291.31	274.99	16.32	42.69	40.23	2.46	4.74	4.34	0.4	338.74	319.56	19.18
11/11/2009	274.99	274.99	0	40.23	40.23	0	4.34	4.34	0	319.56	319.56	0
11/12/2009	260	230	30	38.71	36.53	2.18	4.47	4.22	0.25	303.18	270.75	32.43
11/13/2009	260	230	30	38.63	36.53	2.1	4.43	4.22	0.21	303.06	270.75	32.31
11/14/2009	250	230	20	38.58	36.53	2.05	4.22	4.22	0	292.8	270.75	22.05
11/15/2009	240	230	10	36.96	36.53	0.43	4.05	3.89	0.16	281.01	270.42	10.59
11/16/2009	230	230	0	36.53	36.53	0	3.89	3.89	0	270.42	270.42	0
11/17/2009	235.56	230	5.56	35.4	35.4	0	4.19	3.89	0.3	275.15	269.29	5.86
11/18/2009	245.48	230	15.48	61.01	35.4	25.61	19.88	4.6	15.28	326.37	270	56.37
11/19/2009	240.87	240.73	0.14	51.33	35.4	15.93	6.36	4.6	1.76	298.56	280.73	17.83
11/20/2009	240.73	240.73	0	46.04	35.4	10.64	4.6	4.6	0	291.37	280.73	10.64
11/21/2009	254.09	240.73	13.36	40.31	35.4	4.91	3.54	3.08	0.46	297.94	279.21	18.73
11/22/2009	260.8	240.73	20.07	38.36	36.87	1.49	3.08	3.08	0	302.24	280.68	21.56
11/23/2009	258.96	240.73	18.23	36.87	36.87	0	3.31	3.08	0.23	299.14	280.68	18.46
11/24/2009	258.49	240.73	17.76	59.41	36.87	22.54	21.13	21.13	0	339.03	298.73	40.3
11/25/2009	418.69	240.73	177.96	263.31	36.87	226.44	73.98	21.13	52.85	755.98	298.73	457.25
11/26/2009	544.54	395.8	148.74	358.07	36.87	321.2	119.79	21.13	98.66	1022.4	453.8	568.6
11/27/2009	532.86	395.8	137.06	179.56	69.32	110.24	16.56	10.48	6.08	728.98	475.6	253.38
11/28/2009	539.36	395.8	143.56	116.26	69.32	46.94	10.48	10.48	0	666.1	475.6	190.5
11/29/2009	498.94	395.8	103.14	99.13	69.32	29.81	15.98	10.48	5.5	614.05	475.6	138.45
11/30/2009	454.79	395.8	58.99	79.27	69.32	9.95	8.48	5.57	2.91	542.54	470.69	71.85
12/1/2009	420.39	395.8	24.59	69.32	69.32	0	7.02	5.57	1.45	496.73	470.69	26.04
12/2/2009	395.8	395.8	0	63.92	47.41	16.51	5.57	5.57	0	465.29	448.78	16.51
12/3/2009	367.5	240	127.5	59.03	47.41	11.62	5.06	4.27	0.79	431.59	291.68	139.91
12/4/2009	345.09	240	105.09	54.92	47.41	7.51	4.98	4.27	0.71	404.99	291.68	113.31
12/5/2009	315.08	240	75.08	50.61	47.41	3.2	4.27	4.27	0	369.96	291.68	78.28
12/6/2009	261.84	240	21.84	47.41	47.41	0	4.06	4	0.06	313.31	291.41	21.9
12/7/2009	272.38	240	32.38	46.04	46.04	0	4	4	0	322.42	290.04	32.38
12/8/2009	262.85	240	22.85	48.33	46.04	2.29	6.23	4	2.23	317.41	290.04	27.37
12/9/2009	240	240	0	181.61	46.04	135.57	131.49	7.6	123.89	553.1	293.64	259.46
12/10/2009	210	190	20	95.83	46.04	49.79	15	7.6	7.4	320.83	243.64	77.19
12/11/2009	190	190	0	80	46.04	33.96	7.6	7.6	0	277.6	243.64	33.96
12/12/2009	210	190	20	65	52	13	7.4	7	0.4	282.4	249	33.4
12/13/2009	240	190	50	53	52	1	7	7	0	300	249	51
12/14/2009	220	190	30	60	52	8	9	7	2	289	249	40
12/15/2009	210	190	20	55	52	3	6	5.4	0.6	271	247.4	23.6
12/16/2009	190	190	0	52	52	0	5.4	5.4	0	247.4	247.4	0
12/17/2009	190	190	0	49	40	9	5.4	5.4	0	244.4	235.4	9
12/18/2009	200	190	10	46	40	6	5.2	4.8	0.4	251.2	234.8	16.4
12/19/2009	200	190	10	43	40	3	5	4.8	0.2	248	234.8	13.2
12/20/2009	200	190	10	40	40	0	4.8	4.8	0	244.8	234.8	10
12/21/2009	200	190	10	41.61	40	1.61	4.5	4.5	0	246.11	234.5	11.61
12/22/2009	200	190	10	42.96	42.48	0.48	5.5	4.5	1	248.46	236.98	11.48
12/23/2009	220	190	30	42.48	42.48	0	4.7	4.5	0.2	267.18	236.98	30.2
12/24/2009	270	270	0	106.84	42.48	64.36	43.48	38.89	4.59	420.32	351.37	68.95
12/25/2009	530	270	260	1092.66	42.48	1050.18	497.62	38.89	458.73	2120.28	351.37	1768.91
12/26/2009	1600	270	1330	776.89	42.48	734.41	38.89	38.89	0	2415.78	351.37	2064.41
12/27/2009	1500	270	1230	425.39	110	315.39	16.69	9.13	7.56	1942.08	389.13	1552.95
12/28/2009	1300	270	1030	304.72	110	194.72	10.98	9.13	1.85	1615.7	389.13	1226.57
12/29/2009	1100	270	830	180	110	70	9.13	9.13	0	1289.13	389.13	900
12/30/2009	990	270	720	140	110	30	9.73	6	3.73	1139.73	386	753.73
12/31/2009	880	420	460	110	110	0	6.4	6	0.4	996.4	536	460.4
1/1/2010	750	420	330	87	56	31	6	6	0	843	482	361
1/2/2010	660	420	240	75	56	19	5.5	5	0.5	740.5	481	259.5
1/3/2010	600	420	180	68	56	12	5.2	5	0.2	673.2	481	192.2
1/4/2010	540	420	120	62	56	6	5	5	0	607	481	126
1/5/2010	510	420	90	56	56	0	4.9	4.7	0.2	570.9	480.7	90.2
1/6/2010	420	420	0	51	44	7	4.8	4.7	0.1	475.8	468.7	7.1
1/7/2010	450	390	60	48	44	4	4.7	4.7	0	502.7	438.7	64
1/8/2010	420	390	30	46	44	2	4.6	4.5	0.1	470.6	438.5	32.1
1/9/2010	410	390	20	45	44	1	4.5	4.5	0	459.5	438.5	21
1/10/2010	390	390	0	44	44	0	4.5	4.5	0	438.5	438.5	0
1/11/2010	400	390	10	44	44	0	4.4	4.4	0	448.4	438.4	10
1/12/2010	420	390	30	45	44	1	4.4	4.4	0	469.4	438.4	31
1/13/2010	450	390	60	45	44	1	4.4	4.4	0	499.4	438.4	61
1/14/2010	410	349.77	60.23	47	44	3	5.7	4.5	1.2	462.7	398.27	64.43
1/15/2010	380	349.77	30.23	48	44	4	5.1	4.5	0.6	433.1	398.27	34.83
1/16/2010	374.24	349.77	24.47	48	47	1	4.5	4.5	0	426.74	401.27	25.47
1/17/2010	369.64	349.77	19.87	48	47	1	4.3	4.3	0	421.94	401.07	20.87
1/18/2010	366.45	349.77	16.68	49	47	2	5.3	4.3	1	420.75	401.07	19.68
1/19/2010	360.39	349.77	10.62	47	47	0	5.5	4.3	1.2	412.89	401.07	11.82
1/20/2010	349.77	349.77	0	47	47	0	5.3	5.14	0.16	402.07	401.91	0.16
1/21/2010	336.74	330.79	5.95	46	46	0	5.2	5.14	0.06	387.94	381.93	6.01
1/22/2010	330.79	330.79	0	46	46	0	5.14	5.14	0	381.93	381.93	0
1/23/2010	337.41	330.79	6.62	51	46	5	14.07	14.07	0	402.48	390.86	11.62
1/24/2010	697.82	330.79	367.03	452.52	46	406.52	159.43	14.07	145.36	1309.77	390.86	918.91
1/25/2010	1106.28	330.79	775.49	429.49	46	383.49	25.42	14.07	11.35	1561.19	390.86	1170.33
1/26/2010	1200	330.79	869.21	277.35	90	187.35	11.86	5.3	6.56	1489.21	426.09	1063.12
1/27/2010	1100	330.79	769.21	160	90	70	7.1	5.3	1.8	1267.1	426.09	841.01
1/28/2010	900	370	530	120	90	30	5.3	5.3	0	1025.3	465.3	560
1/29/2010	710	370	340	100	90	10	5	4.4	0.6	815	464.4	350.6
1/30/2010	600	370	230	90	90	0	4.8	4.4	0.4	694.8	464.4	230.4
1/31/2010	520	370	150	76	49	27	4.4	4.4	0	600.4	423.4	177
2/1/2010	470	370	100	63	49	14	4.2	4.2	0	537.2	423.2	114
2/2/2010	420	370	50	58	49	9	10	4.2	5.8	488	423.2	64.8
2/3/2010	370	370	0	54	49	5	7	4.2	2.8	431	423.2	7.8
2/4/2010	340	270	70	49	49	0	5	3.6	1.4	394	322.6	71.4
2/5/2010	320	270	50	45	40	5	4.3	3.6	0.7	369.3	313.6	55.7
2/6/2010	310	270	40	43	40	3	3.6	3.6	0	356.6	313.6	43
2/7/2010	300	270	30	42	40	2	3.4	3.4	0	345.4	313.4	32
2/8/2010	290	270	20	41	40	1	3.8	3.4	0.4	334.8	313.4	21.4
2/9/2010	280	270	10	40	40	0	4.4	3.4	1	324.4	313.4	11
2/10/2010	270	270	0	39	38	1	4.6	4.3	0.3	313.6	312.3	1.3
2/11/2010	260	250	10	39	38	1	4.5	4.3	0.2	303.5	292.3	11.2
2/12/2010	250	250	0	39	38	1	4.3	4.3	0	293.3	292.3	1
2/13/2010	260	250	10	38	38	0	3.6	3.6	0	301.6	291.6	10
2/14/2010	270	250	20	38	38	0	3.8	3.6	0.2	311.8	291.6	20.2
2/15/2010	280	250	30	38	38	0	4.4	3.6	0.8	322.4	291.6	30.8
2/16/2010	300	250	50	39	38	1	4.6	4.6	0	343.6	292.6	51
2/17/2010	299.25	250	49.25	39	38	1	5	4.6	0.4	343.25	292.6	50.65
2/18/2010	299.3	289.42	9.88	41	38	3	7.9	4.6	3.3	348.2	332.02	16.18
2/19/2010	298.73	289.42	9.31	42	38	4	8.7	6.7	2	349.43	334.12	15.31
2/20/2010	296.82	289.42	7.4	41.78	40.49	1.29	7.73	6.7	1.03	346.33	336.61	9.72
2/21/2010	290.9	289.42	1.48	40.49	40.49	0	6.7	6.7	0	338.09	336.61	1.48
2/22/2010	289.42	289.42	0	48.42	40.49	7.93	12.88	6.91	5.97	350.72	336.82	13.9
2/23/2010	295.18	289.42	5.76	48.05	40.49	7.56	9.88	6.91	2.97	353.11	336.82	16.29
2/24/2010	298.51	289.42	9.09	44.18	40.49	3.69	6.91	6.91	0	349.6	336.82	12.78
2/25/2010	300	298.97	1.03	42.6	39.09	3.51	7.3	6	1.3	349.9	344.06	5.84
2/26/2010	300	298.97	1.03	39.09	39.09	0	6	6	0	345.09	344.06	1.03
2/27/2010	298.97	298.97	0	40.91	39.09	1.82	6.03	6	0.03	345.91	344.06	1.85
2/28/2010	303.34	298.97	4.37	40.4	39.09	1.31	6.83	6.83	0	350.57	344.89	5.68
3/1/2010	311.43	298.97	12.46	43.16	39.09	4.07	8.13	6.83	1.3	362.72	344.89	17.83
3/2/2010	305.49	298.97	6.52	42.94	42.94	0	7.11	6.83	0.28	355.54	348.74	6.8
3/3/2010	310	298.97	11.03	44.46	42.94	1.52	8.12	8.12	0	362.58	350.03	12.55
3/4/2010	320	320	0	48.33	42.94	5.39	11.66	8.12	3.54	379.99	371.06	8.93
3/5/2010	330	320	10	52.57	42.94	9.63	13.55	8.12	5.43	396.12	371.06	25.06
3/6/2010	340	320	20	59.75	42.94	16.81	16.16	15.06	1.1	415.91	378	37.91
3/7/2010	360	320	40	68.14	68.14	0	15.06	15.06	0	443.2	403.2	40
3/8/2010	390	320	70	92.95	68.14	24.81	24.13	15.06	9.07	507.08	403.2	103.88
3/9/2010	460	320	140	139.55	68.14	71.41	27.61	27.61	0	627.16	415.75	211.41
3/10/2010	650	320	330	372.64	68.14	304.5	110.97	27.61	83.36	1133.61	415.75	717.86
3/11/2010	1000	1000	0	528.72	68.14	460.58	75.74	27.61	48.13	1604.46	1095.75	508.71
3/12/2010	1800	1000	800	606.29	347.88	258.41	43.89	28.9	14.99	2450.18	1376.78	1073.4
3/13/2010	2800	1000	1800	659.72	347.88	311.84	73.23	28.9	44.33	3532.95	1376.78	2156.17
3/14/2010	3216.06	1000	2216.06	566.29	347.88	218.41	28.9	28.9	0	3811.25	1376.78	2434.47
3/15/2010	2999.29	1000	1999.29	446.61	347.88	98.73	19.69	12.62	7.07	3465.59	1360.5	2105.09
3/16/2010	2699.84	1000	1699.84	347.88	347.88	0	15.27	12.62	2.65	3062.99	1360.5	1702.49
3/17/2010	2325	1000	1325	257.25	134.54	122.71	12.62	12.62	0	2594.87	1147.16	1447.71
3/18/2010	1972.57	900.42	1072.15	187.23	134.54	52.69	12.02	12.02	0	2171.82	1046.98	1124.84
3/19/2010	1711.8	900.42	811.38	152.87	134.54	18.33	12.29	12.02	0.27	1876.96	1046.98	829.98
3/20/2010	1530.52	900.42	630.1	170.36	134.54	35.82	23.04	12.02	11.02	1723.92	1046.98	676.94
3/21/2010	1331.33	900.42	430.91	134.54	134.54	0	11.84	10.58	1.26	1477.71	1045.54	432.17
3/22/2010	1161.7	900.42	261.28	113.92	75.76	38.16	10.58	10.58	0	1286.2	986.76	299.44
3/23/2010	1007.82	900.42	107.4	100.83	75.76	25.07	11.23	10.58	0.65	1119.88	986.76	133.12
3/24/2010	900.42	900.42	0	89.56	75.76	13.8	10.24	7.84	2.4	1000.22	984.02	16.2
3/25/2010	819.1	502.13	316.97	82.74	75.76	6.98	9.75	7.84	1.91	911.59	585.73	325.86
3/26/2010	733.41	502.13	231.28	75.76	75.76	0	7.84	7.84	0	817.01	585.73	231.28
3/27/2010	667.36	502.13	165.23	69.47	56.83	12.64	7.09	6.78	0.31	743.92	565.74	178.18
3/28/2010	611.2	502.13	109.07	65.27	56.83	8.44	6.78	6.78	0	683.25	565.74	117.51
3/29/2010	563.65	502.13	61.52	61.52	56.83	4.69	8.58	6.78	1.8	633.75	565.74	68.01
3/30/2010	532.6	502.13	30.47	58.48	56.83	1.65	8.1	6.47	1.63	599.18	565.43	33.75
3/31/2010	502.13	502.13	0	56.83	56.83	0	6.47	6.47	0	565.43	565.43	0
4/1/2010	482.28	416.62	65.66	54.89	51.75	3.14	6.71	6.47	0.24	543.88	474.84	69.04
4/2/2010	460.73	416.62	44.11	51.75	51.75	0	5.91	5.91	0	518.39	474.28	44.11
4/3/2010	445	416.62	28.38	58.03	51.75	6.28	15.88	5.91	9.97	518.91	474.28	44.63
4/4/2010	432.89	416.62	16.27	53.38	51.75	1.63	6.35	5.91	0.44	492.62	474.28	18.34
4/5/2010	416.62	416.62	0	57.54	51.75	5.79	14.05	14.05	0	488.21	482.42	5.79
4/6/2010	726.21	416.62	309.59	465.52	232.63	232.89	319.21	14.05	305.16	1510.94	663.3	847.64
4/7/2010	1066.69	416.62	650.07	465.77	232.63	233.14	96.28	14.05	82.23	1628.74	663.3	965.44
4/8/2010	1789.53	1016.62	772.91	475.42	232.63	242.79	51.54	14.07	37.47	2316.49	1263.32	1053.17
4/9/2010	1874.95	1016.62	858.33	328.17	232.63	95.54	20.6	14.07	6.53	2223.72	1263.32	960.4
4/10/2010	1737.59	1016.62	720.97	232.63	232.63	0	14.07	14.07	0	1984.29	1263.32	720.97
4/11/2010	1558.5	1016.62	541.88	169.85	84.72	85.13	10.93	8.99	1.94	1739.28	1110.33	628.95
4/12/2010	1320.05	1016.62	303.43	131.17	84.72	46.45	9.86	8.99	0.87	1461.08	1110.33	350.75
4/13/2010	1161.87	1016.62	145.25	108.96	84.72	24.24	8.99	8.99	0	1279.82	1110.33	169.49
4/14/2010	1016.62	1016.62	0	94.1	84.72	9.38	8.17	7.39	0.78	1118.89	1108.73	10.16
4/15/2010	887.87	471.4	416.47	84.72	84.72	0	8.16	7.39	0.77	980.75	563.51	417.24
4/16/2010	776.74	471.4	305.34	75.42	52.93	22.49	7.39	7.39	0	859.55	531.72	327.83
4/17/2010	669.92	471.4	198.52	66.69	52.93	13.76	6.13	5.91	0.22	742.74	530.24	212.5
4/18/2010	588.56	471.4	117.16	60.9	52.93	7.97	5.91	5.91	0	655.37	530.24	125.13
4/19/2010	535.33	471.4	63.93	57.67	52.93	4.74	6.38	5.91	0.47	599.38	530.24	69.14
4/20/2010	501.06	471.4	29.66	52.93	52.93	0	6.52	5.83	0.69	560.51	530.16	30.35
4/21/2010	471.4	471.4	0	51.06	46.36	4.7	5.94	5.83	0.11	528.4	523.59	4.81
4/22/2010	439.46	419.55	19.91	48.22	46.36	1.86	5.83	5.83	0	493.51	471.74	21.77
4/23/2010	419.55	419.55	0	46.36	46.36	0	5.61	5.61	0	471.52	471.52	0
4/24/2010	650.45	419.55	230.9	252.46	46.36	206.1	31.48	5.61	25.87	934.39	471.52	462.87
4/25/2010	2052.12	419.55	1632.57	1110.36	46.36	1064	209.05	5.61	203.44	3371.53	471.52	2900.01
4/26/2010	2727.66	419.55	2308.11	581.79	160.59	421.2	13.68	8.05	5.63	3323.13	588.19	2734.94
4/27/2010	2584.29	419.55	2164.74	427.26	160.59	266.67	9.61	8.05	1.56	3021.16	588.19	2432.97
4/28/2010	2241.15	419.55	1821.6	313.61	160.59	153.02	8.05	8.05	0	2562.81	588.19	1974.62
4/29/2010	1879.1	898.38	980.72	211.53	160.59	50.94	7.4	7.4	0	2098.03	1066.37	1031.66
4/30/2010	1563.85	898.38	665.47	160.59	160.59	0	14.74	7.4	7.34	1739.18	1066.37	672.81
5/1/2010	1490.23	898.38	591.85	197.75	77.03	120.72	14.19	7.4	6.79	1702.17	982.81	719.36
5/2/2010	1455.99	898.38	557.61	138.34	77.03	61.31	10.16	5.69	4.47	1604.49	981.1	623.39
5/3/2010	1256.84	898.38	358.46	108.49	77.03	31.46	6.02	5.69	0.33	1371.35	981.1	390.25
5/4/2010	1048.97	898.38	150.59	89.5	77.03	12.47	5.69	5.69	0	1144.16	981.1	163.06
5/5/2010	898.38	898.38	0	77.03	77.03	0	6.47	5.15	1.32	981.88	980.56	1.32
5/6/2010	793.15	658.76	134.39	66.41	65.41	1	5.15	5.15	0	864.71	729.32	135.39
5/7/2010	783.48	658.76	124.72	193.38	65.41	127.97	87.52	5.15	82.37	1064.38	729.32	335.06
5/8/2010	727.14	658.76	68.38	108.72	65.41	43.31	11.49	5.65	5.84	847.35	729.82	117.53
5/9/2010	698.38	658.76	39.62	79.32	65.41	13.91	6.25	5.65	0.6	783.95	729.82	54.13
5/10/2010	658.76	658.76	0	65.41	65.41	0	5.65	5.65	0	729.82	729.82	0
5/11/2010	911.13	658.76	252.37	434.1	285.13	148.97	167.49	23.77	143.72	1512.72	967.66	545.06
5/12/2010	1112.01	658.76	453.25	285.13	285.13	0	23.77	23.77	0	1420.91	967.66	453.25
5/13/2010	2105.93	996.59	1109.34	1047.16	285.13	762.03	337.8	23.77	314.03	3490.89	1305.49	2185.4
5/14/2010	2290.25	996.59	1293.66	588.54	285.13	303.41	32.27	11.81	20.46	2911.06	1293.53	1617.53
5/15/2010	2019.09	996.59	1022.5	401.05	285.13	115.92	17.28	11.81	5.47	2437.42	1293.53	1143.89
5/16/2010	1694.19	996.59	697.6	270.72	84.9	185.82	11.81	11.81	0	1976.72	1093.3	883.42
5/17/2010	1411.77	996.59	415.18	181.34	84.9	96.44	9.9	8.13	1.77	1603.01	1089.62	513.39
5/18/2010	1195.7	996.59	199.11	129.61	84.9	44.71	8.99	8.13	0.86	1334.3	1089.62	244.68
5/19/2010	996.59	996.59	0	101.86	84.9	16.96	8.13	8.13	0	1106.58	1089.62	16.96
5/20/2010	835.39	491.18	344.21	84.9	84.9	0	7.64	7.64	0	927.93	583.72	344.21
5/21/2010	788.5	491.18	297.32	166.01	57.49	108.52	46.57	7.64	38.93	1001.08	556.31	444.77
5/22/2010	707.14	491.18	215.96	100.21	57.49	42.72	9.01	7.64	1.37	816.36	556.31	260.05
5/23/2010	653.47	491.18	162.29	79.77	57.49	22.28	7.43	6.65	0.78	740.67	555.32	185.35
5/24/2010	593.5	491.18	102.32	67.42	57.49	9.93	7.17	6.65	0.52	668.09	555.32	112.77
5/25/2010	541.49	491.18	50.31	57.49	57.49	0	6.65	6.65	0	605.63	555.32	50.31
5/26/2010	491.18	491.18	0	61.51	37.45	24.06	6.7	5.46	1.24	559.39	534.09	25.3
5/27/2010	451.23	300.25	150.98	48.81	37.45	11.36	6.03	5.46	0.57	506.07	343.16	162.91
5/28/2010	416.05	300.25	115.8	43.56	37.45	6.11	5.46	5.46	0	465.07	343.16	121.91
5/29/2010	380.08	300.25	79.83	40.3	37.45	2.85	5.14	4.95	0.19	425.52	342.65	82.87
5/30/2010	341.03	300.25	40.78	37.45	37.45	0	4.95	4.95	0	383.43	342.65	40.78
5/31/2010	317.87	300.25	17.62	43.44	34.6	8.84	19.85	4.95	14.9	381.16	339.8	41.36
6/1/2010	300.25	300.25	0	34.6	34.6	0	6.75	6.75	0	341.6	341.6	0
6/2/2010	307.41	300.25	7.16	304.66	34.6	270.06	161.06	6.75	154.31	773.13	341.6	431.53
6/3/2010	329.66	273.48	56.18	132.69	34.6	98.09	23.58	6.75	16.83	485.93	314.83	171.1
6/4/2010	273.48	273.48	0	89.63	34.6	55.03	24.16	24.16	0	387.27	332.24	55.03
6/5/2010	282.01	273.48	8.53	183.28	69.21	114.07	120.84	24.16	96.68	586.13	366.85	219.28
6/6/2010	378.99	273.48	105.51	186.89	69.21	117.68	45.47	24.16	21.31	611.35	366.85	244.5
6/7/2010	307.5	273.48	34.02	69.21	69.21	0	9.94	9.94	0	386.65	352.63	34.02
6/8/2010	359.14	273.48	85.66	159.3	69.21	90.09	55.73	9.94	45.79	574.17	352.63	221.54
6/9/2010	440.93	273.48	167.45	138.73	69.21	69.52	20.2	9.94	10.26	599.86	352.63	247.23
6/10/2010	424.39	334.47	89.92	76.81	45.4	31.41	9.31	6.99	2.32	510.51	386.86	123.65
6/11/2010	400.68	334.47	66.21	59.48	45.4	14.08	7.63	6.99	0.64	467.79	386.86	80.93
6/12/2010	353.16	334.47	18.69	51.95	45.4	6.55	6.99	6.99	0	412.1	386.86	25.24
6/13/2010	334.47	334.47	0	45.4	45.4	0	6.34	6.34	0	386.21	386.21	0
6/14/2010	342.92	334.47	8.45	50.04	45.4	4.64	9.64	6.34	3.3	402.6	386.21	16.39
6/15/2010	754.87	334.47	420.4	685.37	108.46	576.91	200.76	6.34	194.42	1641	449.27	1191.73
6/16/2010	822.38	334.47	487.91	394.13	108.46	285.67	21.59	9.46	12.13	1238.1	452.39	785.71
6/17/2010	583.32	509.79	73.53	128.35	108.46	19.89	9.46	9.46	0	721.13	627.71	93.42
6/18/2010	681.12	509.79	171.33	174.43	108.46	65.97	48.69	9.46	39.23	904.24	627.71	276.53
6/19/2010	595.19	509.79	85.4	108.46	108.46	0	15.76	7.05	8.71	719.41	625.3	94.11
6/20/2010	552.48	509.79	42.69	68.27	68.27	0	7.05	7.05	0	627.8	585.11	42.69
6/21/2010	509.79	509.79	0	237.03	68.27	168.76	163.39	7.05	156.34	910.21	585.11	325.1
6/22/2010	550.89	509.79	41.1	328.1	68.27	259.83	138.75	81.1	57.65	1017.74	659.16	358.58
6/23/2010	986.41	509.79	476.62	1176.63	68.27	1108.36	570.65	81.1	489.55	2733.69	659.16	2074.53
6/24/2010	720.67	514.01	206.66	516.17	68.27	447.9	81.1	81.1	0	1317.94	663.38	654.56
6/25/2010	586.44	514.01	72.43	212.81	151.89	60.92	18.99	18.99	0	818.24	684.89	133.35
6/26/2010	524.63	514.01	10.62	151.89	151.89	0	27.92	18.99	8.93	704.44	684.89	19.55
6/27/2010	746.27	514.01	232.26	469.79	151.89	317.9	220.92	18.99	201.93	1436.98	684.89	752.09
6/28/2010	703.4	514.01	189.39	254.81	151.89	102.92	22.45	9.86	12.59	980.66	675.76	304.9
6/29/2010	627.87	514.01	113.86	192.08	151.89	40.19	12.65	9.86	2.79	832.6	675.76	156.84
6/30/2010	514.01	514.01	0	139.45	58.74	80.71	9.86	9.86	0	663.32	582.61	80.71
7/1/2010	432.49	230.91	201.58	100.67	58.74	41.93	8.46	7.18	1.28	541.62	296.83	244.79
7/2/2010	370.72	230.91	139.81	79.45	58.74	20.71	7.94	7.18	0.76	458.11	296.83	161.28
7/3/2010	324.45	230.91	93.54	66.59	58.74	7.85	7.18	7.18	0	398.22	296.83	101.39
7/4/2010	286.32	230.91	55.41	58.74	58.74	0	6.68	6.29	0.39	351.74	295.94	55.8
7/5/2010	255.62	230.91	24.71	52.21	47.93	4.28	6.89	6.29	0.6	314.72	285.13	29.59
7/6/2010	230.91	230.91	0	47.93	47.93	0	6.29	6.29	0	285.13	285.13	0
7/7/2010	562.27	230.91	331.36	473.27	47.93	425.34	178.01	8.49	169.52	1213.55	287.33	926.22
7/8/2010	312.08	282.99	29.09	236.51	47.93	188.58	19.79	8.49	11.3	568.38	339.41	228.97
7/9/2010	288.33	282.99	5.34	89.93	47.93	42	8.49	8.49	0	386.75	339.41	47.34
7/10/2010	299.14	282.99	16.15	78.1	50.97	27.13	16.28	7.42	8.86	393.52	341.38	52.14
7/11/2010	311.2	282.99	28.21	73.84	50.97	22.87	14.69	7.42	7.27	399.73	341.38	58.35
7/12/2010	282.99	282.99	0	62.35	50.97	11.38	7.42	7.42	0	352.76	341.38	11.38
7/13/2010	303.41	282.99	20.42	50.97	50.97	0	6.56	6.56	0	360.94	340.52	20.42
7/14/2010	380.36	282.99	97.37	88.75	50.97	37.78	43.15	6.56	36.59	512.26	340.52	171.74
7/15/2010	3555.38	970.53	2584.85	3373.74	240.33	3133.41	797.28	6.56	790.72	7726.4	1217.42	6508.98
7/16/2010	2255.79	970.53	1285.26	1159.68	240.33	919.35	25.76	9.38	16.38	3441.23	1220.24	2220.99
7/17/2010	2301.12	970.53	1330.59	600.15	240.33	359.82	12.28	9.38	2.9	2913.55	1220.24	1693.31
7/18/2010	1908.91	970.53	938.38	399.32	240.33	158.99	9.38	9.38	0	2317.61	1220.24	1097.37
7/19/2010	1478.33	970.53	507.8	240.33	240.33	0	8.37	7.89	0.48	1727.03	1218.75	508.28
7/20/2010	1199.82	970.53	229.29	141.64	93.54	48.1	7.89	7.89	0	1349.35	1071.96	277.39
7/21/2010	970.53	970.53	0	93.54	93.54	0	8.19	7.89	0.3	1072.26	1071.96	0.3
7/22/2010	4287.84	1310.72	2977.12	2279.93	93.54	2186.39	1128.53	283.75	844.78	7696.3	1688.01	6008.29
7/23/2010	3568.06	1310.72	2257.34	4807.32	93.54	4713.78	626.8	283.75	343.05	9002.18	1688.01	7314.17
7/24/2010	2713	1310.72	1402.28	1813.69	93.54	1720.15	283.75	283.75	0	4810.44	1688.01	3122.43
7/25/2010	2263.1	1310.72	952.38	1017.97	177.13	840.84	42.03	16.51	25.52	3323.1	1504.36	1818.74
7/26/2010	1823.71	1310.72	512.99	647.29	177.13	470.16	21.71	16.51	5.2	2492.71	1504.36	988.35
7/27/2010	1520.37	1310.72	209.65	431.5	177.13	254.37	16.51	16.51	0	1968.38	1504.36	464.02
7/28/2010	1310.72	1310.72	0	279.13	177.13	102	13.16	10.44	2.72	1603.01	1498.29	104.72
7/29/2010	1138.45	491.2	647.25	177.13	177.13	0	11.16	10.44	0.72	1326.74	678.77	647.97
7/30/2010	955.45	491.2	464.25	127.03	83.5	43.53	10.44	10.44	0	1092.92	585.14	507.78
7/31/2010	984.7	491.2	493.5	403.71	83.5	320.21	103.35	10.44	92.91	1491.76	585.14	906.62
8/1/2010	716.66	491.2	225.46	136.42	83.5	52.92	12.76	10.44	2.32	865.84	585.14	280.7
8/2/2010	615.32	491.2	124.12	96.33	83.5	12.83	10.44	10.44	0	722.09	585.14	136.95
8/3/2010	551.29	491.2	60.09	83.5	83.5	0	9.47	8.61	0.86	644.26	583.31	60.95
8/4/2010	491.2	491.2	0	74.72	61.37	13.35	9.66	8.61	1.05	575.58	561.18	14.4
8/5/2010	440	359.85	80.15	68.08	61.37	6.71	8.61	8.61	0	516.69	429.83	86.86
8/6/2010	390	359.85	30.15	61.8	61.37	0.43	7.97	7.32	0.65	459.77	428.54	31.23
8/7/2010	359.85	359.85	0	61.37	61.37	0	7.32	7.32	0	428.54	428.54	0
8/8/2010	409.85	359.85	50	159.7	61.37	98.33	41.94	7.32	34.62	611.49	428.54	182.95
8/9/2010	539.35	359.85	179.5	286	63	223	67.57	8.73	58.84	892.92	431.58	461.34
8/10/2010	451.24	359.85	91.39	158	63	95	10.42	8.73	1.69	619.66	431.58	188.08
8/11/2010	480.86	359.85	121.01	96	63	33	8.73	8.73	0	585.59	431.58	154.01
8/12/2010	452.52	265.57	186.95	70	63	7	7.7	7.7	0	530.22	336.27	193.95
8/13/2010	431.14	265.57	165.57	63	63	0	8.54	7.7	0.84	502.68	336.27	166.41
8/14/2010	384.26	265.57	118.69	68.13	41.49	26.64	12.2	7.7	4.5	464.59	314.76	149.83
8/15/2010	341.02	265.57	75.45	55.75	41.49	14.26	7.53	7.32	0.21	404.3	314.38	89.92
8/16/2010	311.18	265.57	45.61	47.92	41.49	6.43	7.32	7.32	0	366.42	314.38	52.04
8/17/2010	289.86	265.57	24.29	43.97	41.49	2.48	7.45	7.32	0.13	341.28	314.38	26.9
8/18/2010	265.57	265.57	0	41.49	41.49	0	6.97	6.73	0.24	314.03	313.79	0.24
8/19/2010	251.11	245.31	5.8	39.16	34.72	4.44	6.73	6.73	0	297	286.76	10.24
8/20/2010	295.34	245.31	50.03	93.76	34.72	59.04	28.6	6.73	21.87	417.7	286.76	130.94
8/21/2010	759.07	245.31	513.76	290.03	34.72	255.31	68.5	7.13	61.37	1117.6	287.16	830.44
8/22/2010	299.07	245.31	53.76	44.81	34.72	10.09	7.87	7.13	0.74	351.75	287.16	64.59
8/23/2010	317.97	245.31	72.66	34.72	34.72	0	7.13	7.13	0	359.82	287.16	72.66
8/24/2010	273.49	245.31	28.18	30.08	21.76	8.32	6.97	6.06	0.91	310.54	273.13	37.41
8/25/2010	245.31	245.31	0	27.43	21.76	5.67	6.53	6.06	0.47	279.27	273.13	6.14
8/26/2010	225.3	172.34	52.96	25.94	21.76	4.18	6.06	6.06	0	257.3	200.16	57.14
8/27/2010	211.38	172.34	39.04	24.95	21.76	3.19	5.99	5.53	0.46	242.32	199.63	42.69
8/28/2010	202.23	172.34	29.89	21.76	21.76	0	5.86	5.53	0.33	229.85	199.63	30.22
8/29/2010	192.97	172.34	20.63	20.32	18.28	2.04	5.53	5.53	0	218.82	196.15	22.67
8/30/2010	182.88	172.34	10.54	18.9	18.28	0.62	5.43	5.43	0	207.21	196.05	11.16
8/31/2010	172.34	172.34	0	18.28	18.28	0	7.96	5.43	2.53	198.58	196.05	2.53
9/1/2010	220	172.34	47.66	214.21	18.28	195.93	101.82	5.43	96.39	536.03	196.05	339.98
9/2/2010	250	250	0	63	18.28	44.72	20.98	6.64	14.34	333.98	274.92	59.06
9/3/2010	300	250	50	99.76	32.53	67.23	25.27	6.64	18.63	425.03	289.17	135.86
9/4/2010	299.68	250	49.68	42.42	32.53	9.89	6.64	6.64	0	348.74	289.17	59.57
9/5/2010	301.17	250	51.17	32.53	32.53	0	6	6	0	339.7	288.53	51.17
9/6/2010	332.09	250	82.09	77.38	32.53	44.85	14.03	6	8.03	423.5	288.53	134.97
9/7/2010	328.38	250	78.38	42.82	32.53	10.29	6.13	6	0.13	377.33	288.53	88.8
9/8/2010	393.36	250	143.36	28.75	21.35	7.4	5.66	5.56	0.1	427.77	276.91	150.86
9/9/2010	352.5	311.71	40.79	25.41	21.35	4.06	5.61	5.56	0.05	383.52	338.62	44.9
9/10/2010	314.4	311.71	2.69	21.35	21.35	0	5.56	5.56	0	341.31	338.62	2.69
9/11/2010	434.01	311.71	122.3	136.77	21.35	115.42	82.33	6.54	75.79	653.11	339.6	313.51
9/12/2010	350.41	311.71	38.7	64.39	21.35	43.04	8.88	6.54	2.34	423.68	339.6	84.08
9/13/2010	350.47	311.71	38.76	37.37	21.17	16.2	6.54	6.54	0	394.38	339.42	54.96
9/14/2010	341.15	311.71	29.44	26.81	21.17	5.64	5.79	5.32	0.47	373.75	338.2	35.55
9/15/2010	311.71	311.71	0	23.34	21.17	2.17	5.41	5.32	0.09	340.46	338.2	2.26
9/16/2010	288	256.91	31.09	22.65	21.17	1.48	5.32	5.32	0	315.97	283.4	32.57
9/17/2010	273.09	256.91	16.18	21.17	21.17	0	5.1	5.1	0	299.36	283.18	16.18
9/18/2010	384.09	256.91	127.18	112.51	30.59	81.92	44.43	5.1	39.33	541.03	292.6	248.43
9/19/2010	267.6	256.91	10.69	51.49	30.59	20.9	7.14	5.1	2.04	326.23	292.6	33.63
9/20/2010	256.91	256.91	0	30.59	30.59	0	5.69	5.69	0	293.19	293.19	0
9/21/2010	258.51	256.91	1.6	40.54	30.59	9.95	57.8	5.69	52.11	356.85	293.19	63.66
9/22/2010	258.89	256.91	1.98	38.34	30.59	7.75	16.1	5.69	10.41	313.33	293.19	20.14
9/23/2010	238.85	197.34	41.51	24.05	16.97	7.08	6.57	5.9	0.67	269.47	220.21	49.26
9/24/2010	226.55	197.34	29.21	21.09	16.97	4.12	6.4	5.9	0.5	254.04	220.21	33.83
9/25/2010	221.46	197.34	24.12	18.87	16.97	1.9	5.9	5.9	0	246.23	220.21	26.02
9/26/2010	207.54	197.34	10.2	16.97	16.97	0	5.44	5.44	0	229.95	219.75	10.2
9/27/2010	201.89	197.34	4.55	17.22	16.97	0.25	5.51	5.44	0.07	224.62	219.75	4.87
9/28/2010	199.6	197.34	2.26	16.76	15.22	1.54	6.14	5.44	0.7	222.5	218	4.5
9/29/2010	197.34	197.34	0	16.19	15.22	0.97	6.05	5.56	0.49	219.58	218.12	1.46
9/30/2010	192.84	173.97	18.87	15.22	15.22	0	5.56	5.56	0	213.62	194.75	18.87
10/1/2010	185.92	173.97	11.95	15.56	15.22	0.34	5.58	5.56	0.02	207.06	194.75	12.31
10/2/2010	187.2	173.97	13.23	17.87	15.22	2.65	6.08	4.99	1.09	211.15	194.18	16.97
10/3/2010	175.33	173.97	1.36	15.07	13.3	1.77	4.99	4.99	0	195.39	192.26	3.13
10/4/2010	173.97	173.97	0	14.88	13.3	1.58	5.14	4.99	0.15	193.99	192.26	1.73
10/5/2010	176.08	173.97	2.11	15.03	13.3	1.73	4.91	4.91	0	196.02	192.18	3.84
10/6/2010	174.77	173.97	0.8	14.77	13.3	1.47	5.67	4.91	0.76	195.21	192.18	3.03
10/7/2010	170.34	159.84	10.5	13.3	13.3	0	5.19	4.91	0.28	188.83	178.05	10.78
10/8/2010	168.92	159.84	9.08	13.71	12.17	1.54	4.46	4.3	0.16	187.09	176.31	10.78
10/9/2010	164.69	159.84	4.85	12.18	12.17	0.01	4.3	4.3	0	181.17	176.31	4.86
10/10/2010	159.84	159.84	0	12.17	12.17	0	4.67	4.3	0.37	176.68	176.31	0.37
10/11/2010	160.93	159.84	1.09	12.75	12.17	0.58	4.76	4.61	0.15	178.44	176.62	1.82
10/12/2010	161.52	159.84	1.68	13.23	12.17	1.06	4.95	4.61	0.34	179.7	176.62	3.08
10/13/2010	164.41	159.84	4.57	11.68	10.72	0.96	4.61	4.61	0	180.7	175.17	5.53
10/14/2010	163.78	151.33	12.45	10.79	10.72	0.07	4.42	3.59	0.83	178.99	165.64	13.35
10/15/2010	161.42	151.33	10.09	10.95	10.72	0.23	4.16	3.59	0.57	176.53	165.64	10.89
10/16/2010	157.47	151.33	6.14	10.72	10.72	0	3.59	3.59	0	171.78	165.64	6.14
10/17/2010	155.33	151.33	4	10.82	10.72	0.1	3.46	3.46	0	169.61	165.51	4.1
10/18/2010	154.85	151.33	3.52	10.56	10.5	0.06	3.63	3.46	0.17	169.04	165.29	3.75
10/19/2010	151.33	151.33	0	10.75	10.5	0.25	3.83	3.46	0.37	165.91	165.29	0.62
10/20/2010	153	151.33	1.67	10.5	10.5	0	2.9	2.9	0	166.4	164.73	1.67
10/21/2010	154.3	153.07	1.23	10.61	10.5	0.11	3.07	2.9	0.17	167.98	166.47	1.51
10/22/2010	153.07	153.07	0	10.98	10.5	0.48	2.95	2.9	0.05	167	166.47	0.53
10/23/2010	162.8	153.07	9.73	15.27	15.27	0	4.67	4.67	0	182.74	173.01	9.73
10/24/2010	379.9	153.07	226.83	272.43	15.27	257.16	110.35	4.67	105.68	762.68	173.01	589.67
10/25/2010	325.5	153.07	172.43	84.55	15.27	69.28	6.25	4.67	1.58	416.3	173.01	243.29
10/26/2010	538.11	153.07	385.04	174.43	15.27	159.16	78.99	5.56	73.43	791.53	173.9	617.63
10/27/2010	414.51	153.07	261.44	76.39	15.27	61.12	6.46	5.56	0.9	497.36	173.9	323.46
10/28/2010	468.72	288.19	180.53	35.84	17.11	18.73	5.56	5.56	0	510.12	310.86	199.26
10/29/2010	430	288.19	141.81	25.13	17.11	8.02	5.12	3.31	1.81	460.25	308.61	151.64
10/30/2010	390.94	288.19	102.75	20.89	17.11	3.78	4.6	3.31	1.29	416.43	308.61	107.82
10/31/2010	360	288.19	71.81	18.82	17.11	1.71	3.31	3.31	0	382.13	308.61	73.52
11/1/2010	335	288.19	46.81	17.11	17.11	0	3.61	3.61	0	355.72	308.91	46.81
11/2/2010	307	288.19	18.81	16.61	14.88	1.73	3.71	3.61	0.1	327.32	306.68	20.64
11/3/2010	288.19	288.19	0	15.79	14.88	0.91	3.64	3.61	0.03	307.62	306.68	0.94
11/4/2010	277	224.74	52.26	15.74	14.88	0.86	5.1	2.94	2.16	297.84	242.56	55.28
11/5/2010	260	224.74	35.26	16.02	14.88	1.14	5.1	2.94	2.16	281.12	242.56	38.56
11/6/2010	255	224.74	30.26	14.88	14.88	0	2.94	2.94	0	272.82	242.56	30.26
11/7/2010	245	224.74	20.26	16.31	14.4	1.91	2.82	2.82	0	264.13	241.96	22.17
11/8/2010	236	224.74	11.26	14.93	14.4	0.53	3.25	2.82	0.43	254.18	241.96	12.22
11/9/2010	227.57	224.74	2.83	15	14.4	0.6	3.49	2.82	0.67	246.06	241.96	4.1
11/10/2010	224.74	224.74	0	15.12	14.4	0.72	3.69	3.4	0.29	243.55	242.54	1.01
11/11/2010	221.16	220.83	0.33	14.4	14.4	0	4.46	3.4	1.06	240.02	238.63	1.39
11/12/2010	220.83	220.83	0	13.89	13.89	0	3.4	3.4	0	238.12	238.12	0
11/13/2010	227.88	220.83	7.05	17.59	13.89	3.7	4.79	3.92	0.87	250.26	238.64	11.62
11/14/2010	221.48	220.83	0.65	19.01	13.89	5.12	4.07	3.92	0.15	244.56	238.64	5.92
11/15/2010	229.09	220.83	8.26	16.85	13.89	2.96	3.92	3.92	0	249.86	238.64	11.22
11/16/2010	230.47	220.83	9.64	18.21	13.89	4.32	4.57	4.56	0.01	253.25	239.28	13.97
11/17/2010	227.04	220.83	6.21	15.75	13.58	2.17	4.56	4.56	0	247.35	238.97	8.38
11/18/2010	225.72	220.1	5.62	14.35	13.58	0.77	4.62	4.56	0.06	244.69	238.24	6.45
11/19/2010	220.1	220.1	0	14.07	13.58	0.49	4.78	4.34	0.44	238.95	238.02	0.93
11/20/2010	220.24	220.1	0.14	13.58	13.58	0	4.34	4.34	0	238.16	238.02	0.14
11/21/2010	226.32	220.1	6.22	15.77	13.58	2.19	4.72	4.34	0.38	246.81	238.02	8.79
11/22/2010	267.19	220.1	47.09	80.81	35.74	45.07	89.04	12.34	76.7	437.04	268.18	168.86
11/23/2010	243.59	220.1	23.49	35.74	35.74	0	12.34	12.34	0	291.67	268.18	23.49
11/24/2010	257.19	220.1	37.09	41.15	35.74	5.41	12.71	12.34	0.37	311.05	268.18	42.87
11/25/2010	317.02	201.38	115.64	100.09	35.74	64.35	21.6	4.1	17.5	438.71	241.22	197.49
11/26/2010	240	201.38	38.62	36.02	35.74	0.28	5.02	4.1	0.92	281.04	241.22	39.82
11/27/2010	220	201.38	18.62	23.98	22.58	1.4	4.1	4.1	0	248.08	228.06	20.02
11/28/2010	201.38	201.38	0	22.58	22.58	0	3.93	3.93	0	227.89	227.89	0
11/29/2010	286.93	201.38	85.55	29.06	22.58	6.48	14.02	3.93	10.09	330.01	227.89	102.12
11/30/2010	305.89	201.38	104.51	67.5	22.58	44.92	36.97	3.93	33.04	410.36	227.89	182.47
12/1/2010	277.1	201.38	75.72	31.2	22.58	8.62	5.96	4.37	1.59	314.26	228.33	85.93
12/2/2010	270	200	70	23.34	19.4	3.94	4.89	4.37	0.52	298.23	223.77	74.46
12/3/2010	210	200	10	19.4	19.4	0	4.37	4.37	0	233.77	223.77	10
12/4/2010	200	200	0	22.51	19.4	3.11	6.24	3.7	2.54	228.75	223.1	5.65
12/5/2010	210	200	10	27	19.4	7.6	4.8	3.7	1.1	241.8	223.1	18.7
12/6/2010	210	200	10	25	19.4	5.6	3.7	3.7	0	238.7	223.1	15.6
12/7/2010	200	200	0	23	22	1	3.5	3.4	0.1	226.5	225.4	1.1
12/8/2010	200	200	0	22	22	0	3.4	3.4	0	225.4	225.4	0
12/9/2010	210	210	0	23	22	1	3.4	3.4	0	236.4	235.4	1
12/10/2010	217.11	210	7.11	27	22	5	7	7	0	251.11	239	12.11
12/11/2010	356.98	210	146.98	120	22	98	90	7	83	566.98	239	327.98
12/12/2010	555.35	210	345.35	180	43	137	61.21	7	54.21	796.56	260	536.56
12/13/2010	400	210	190	120	43	77	25	6.54	18.46	545	259.54	285.46
12/14/2010	340	210	130	74	43	31	9.27	6.54	2.73	423.27	259.54	163.73
12/15/2010	320	210	110	54	43	11	6.54	6.54	0	380.54	259.54	121
12/16/2010	290	235.82	54.18	43	43	0	5.58	4.88	0.7	338.58	283.7	54.88
12/17/2010	280	235.82	44.18	36	28	8	5.32	4.88	0.44	321.32	268.7	52.62
12/18/2010	260	235.82	24.18	33	28	5	4.88	4.88	0	297.88	268.7	29.18
12/19/2010	250	235.82	14.18	28	28	0	4.58	4.33	0.25	282.58	268.15	14.43
12/20/2010	240	235.82	4.18	28	28	0	4.33	4.33	0	272.33	268.15	4.18
12/21/2010	235.82	235.82	0	34	28	6	6.75	4.33	2.42	276.57	268.15	8.42
12/22/2010	240.82	235.82	5	32	29	3	6.97	4.3	2.67	279.79	269.12	10.67
12/23/2010	240.29	234.94	5.35	31	29	2	5.04	4.3	0.74	276.33	268.24	8.09
12/24/2010	234.94	234.94	0	30	29	1	4.3	4.3	0	269.24	268.24	1
12/25/2010	240.38	234.94	5.44	30	29	1	3.82	3.6	0.22	274.2	267.54	6.66
12/26/2010	240	234.94	5.06	29	29	0	3.6	3.6	0	272.6	267.54	5.06
12/27/2010	240	234.94	5.06	29	28	1	3.61	3.6	0.01	272.61	266.54	6.07
12/28/2010	250	234.94	15.06	28	28	0	4.16	4.16	0	282.16	267.1	15.06
12/29/2010	250	234.94	15.06	28	28	0	4.42	4.16	0.26	282.42	267.1	15.32
12/30/2010	258.82	258.82	0	37	28	9	13	4.16	8.84	308.82	290.98	17.84
12/31/2010	300.47	258.82	41.65	69	28	41	14	4.8	9.2	383.47	291.62	91.85
1/1/2011	420	258.82	161.18	58	35	23	6.8	4.8	2	484.8	298.62	186.18
1/2/2011	620	258.82	361.18	50	35	15	4.8	4.8	0	674.8	298.62	376.18
1/3/2011	520	258.82	261.18	43	35	8	4.6	4.13	0.47	567.6	297.95	269.65
1/4/2011	440	258.82	181.18	38	35	3	4.23	4.13	0.1	482.23	297.95	184.28
1/5/2011	380	258.82	121.18	35	35	0	4.13	4.13	0	419.13	297.95	121.18
1/6/2011	350	240	110	34	30	4	4.1	4	0.1	388.1	274	114.1
1/7/2011	320	240	80	32	30	2	4	4	0	356	274	82
1/8/2011	290	240	50	31	30	1	4.3	4	0.3	325.3	274	51.3
1/9/2011	270	240	30	30	30	0	5.86	5.8	0.06	305.86	275.8	30.06
1/10/2011	260	240	20	30	30	0	6.34	5.8	0.54	296.34	275.8	20.54
1/11/2011	250	240	10	29	29	0	5.8	5.8	0	284.8	274.8	10
1/12/2011	240	240	0	29	29	0	5	4.4	0.6	274	273.4	0.6
1/13/2011	230	200	30	29	29	0	4.8	4.4	0.4	263.8	233.4	30.4
1/14/2011	220	200	20	29	29	0	4.4	4.4	0	253.4	233.4	20
1/15/2011	210	200	10	29	29	0	4	3.7	0.3	243	232.7	10.3
1/16/2011	200	200	0	29	27	2	3.9	3.7	0.2	232.9	230.7	2.2
1/17/2011	210	200	10	30	27	3	3.7	3.7	0	243.7	230.7	13
1/18/2011	220	200	20	31	27	4	4.6	3.4	1.2	255.6	230.4	25.2
1/19/2011	210	200	10	28	27	1	3.6	3.4	0.2	241.6	230.4	11.2
1/20/2011	200	190	10	27	27	0	3.4	3.4	0	230.4	220.4	10
1/21/2011	190	190	0	26	25	1	3.3	3.1	0.2	219.3	218.1	1.2
1/22/2011	190	190	0	25	25	0	3.2	3.1	0.1	218.2	218.1	0.1
1/23/2011	190	190	0	25	25	0	3.1	3.1	0	218.1	218.1	0
1/24/2011	190	190	0	25	25	0	3.31	3.31	0	218.31	218.31	0
1/25/2011	190	190	0	25	25	0	3.58	3.31	0.27	218.58	218.31	0.27
1/26/2011	190	190	0	26	26	0	4	3.31	0.69	220	219.31	0.69
1/27/2011	190	180	10	26	26	0	4.26	4.23	0.03	220.26	210.23	10.03
1/28/2011	200	180	20	27	26	1	4.37	4.23	0.14	231.37	210.23	21.14
1/29/2011	200	180	20	28	26	2	4.23	4.23	0	232.23	210.23	22
1/30/2011	200	180	20	28	26	2	3.94	3.15	0.79	231.94	209.15	22.79
1/31/2011	190	180	10	25	20	5	3.42	3.15	0.27	218.42	203.15	15.27
2/1/2011	180	180	0	23	20	3	3.15	3.15	0	206.15	203.15	3
2/2/2011	180	180	0	20	20	0	2.4	2.4	0	202.4	202.4	0
2/3/2011	180	180	0	25	20	5	3.4	2.4	1	208.4	202.4	6
2/4/2011	180	180	0	27	20	7	3.88	2.4	1.48	210.88	202.4	8.48
2/5/2011	190	180	10	29	25	4	3.94	3.94	0	222.94	208.94	14
2/6/2011	190	180	10	29	25	4	4.16	3.94	0.22	223.16	208.94	14.22
2/7/2011	190	180	10	27	25	2	4.2	3.94	0.26	221.2	208.94	12.26
2/8/2011	190	180	10	26	25	1	3.9	3.7	0.2	219.9	208.7	11.2
2/9/2011	190	180	10	25	25	0	3.7	3.7	0	218.7	208.7	10
2/10/2011	180	180	0	25	25	0	3.8	3.7	0.1	208.8	208.7	0.1
2/11/2011	190	180	10	27	25	2	3.9	3.9	0	220.9	208.9	12
2/12/2011	190	180	10	50	25	25	3.9	3.9	0	243.9	208.9	35
2/13/2011	210	180	30	74	25	49	16	3.9	12.1	300	208.9	91.1
2/14/2011	250	180	70	93	25	68	30	20	10	373	225	148
2/15/2011	320	180	140	55	55	0	20	20	0	395	255	140
2/16/2011	420	180	240	82	55	27	52	20	32	554	255	299
2/17/2011	520	520	0	180	55	125	131.46	22.57	108.89	831.46	597.57	233.89
2/18/2011	690	520	170	270	55	215	78.63	22.57	56.06	1038.63	597.57	441.06
2/19/2011	950	520	430	308.61	55	253.61	22.57	22.57	0	1281.18	597.57	683.61
2/20/2011	1049.16	520	529.16	212.96	93.42	119.54	18.9	12.93	5.97	1281.02	626.35	654.67
2/21/2011	979.63	520	459.63	143.33	93.42	49.91	23.71	12.93	10.78	1146.67	626.35	520.32
2/22/2011	820	520	300	122.45	93.42	29.03	12.93	12.93	0	955.38	626.35	329.03
2/23/2011	770	520	250	101.17	93.42	7.75	10.94	10.94	0	882.11	624.36	257.75
2/24/2011	743.54	560	183.54	93.42	93.42	0	13.38	10.94	2.44	850.34	664.36	185.98
2/25/2011	714.64	560	154.64	88.42	77.24	11.18	12.46	10.94	1.52	815.52	648.18	167.34
2/26/2011	660	560	100	80.03	77.24	2.79	11.26	10.78	0.48	751.29	648.02	103.27
2/27/2011	620	560	60	77.64	77.24	0.4	10.78	10.78	0	708.42	648.02	60.4
2/28/2011	590	560	30	77.24	77.24	0	12.41	10.78	1.63	679.65	648.02	31.63
3/1/2011	570	560	10	79.75	77.24	2.51	18.58	11.05	7.53	668.33	648.29	20.04
3/2/2011	560	560	0	84.86	72.62	12.24	14.48	11.05	3.43	659.34	643.67	15.67
3/3/2011	550	550	0	72.62	72.62	0	11.05	11.05	0	633.67	633.67	0
3/4/2011	551.26	550	1.26	116.51	72.62	43.89	69.27	21.96	47.31	737.04	644.58	92.46
3/5/2011	580	550	30	153.11	72.62	80.49	62.69	21.96	40.73	795.8	644.58	151.22
3/6/2011	580	550	30	106.34	72.62	33.72	21.96	21.96	0	708.3	644.58	63.72
3/7/2011	590	550	40	94.09	94.09	0	15.27	15.27	0	699.36	659.36	40
3/8/2011	592.79	550	42.79	108.51	94.09	14.42	27.88	15.27	12.61	729.18	659.36	69.82
3/9/2011	628.69	550	78.69	189.01	94.09	94.92	108.62	15.27	93.35	926.32	659.36	266.96
3/10/2011	660.23	660.23	0	182.95	94.09	88.86	43.82	37.93	5.89	887	792.25	94.75
3/11/2011	672.42	660.23	12.19	165.19	94.09	71.1	38.44	37.93	0.51	876.05	792.25	83.8
3/12/2011	685.84	660.23	25.61	179.57	171.92	7.65	37.93	37.93	0	903.34	870.08	33.26
3/13/2011	704.65	660.23	44.42	171.92	171.92	0	28.01	24.28	3.73	904.58	856.43	48.15
3/14/2011	720.5	660.23	60.27	192.3	171.92	20.38	24.28	24.28	0	937.08	856.43	80.65
3/15/2011	780.88	660.23	120.65	218.14	171.92	46.22	25.63	24.28	1.35	1024.65	856.43	168.22
3/16/2011	944.76	660.23	284.53	280.84	171.92	108.92	30.71	29.01	1.7	1256.31	861.16	395.15
3/17/2011	1541.83	1541.83	0	462.16	449.01	13.15	46.26	29.01	17.25	2050.25	2019.85	30.4
3/18/2011	2858.96	1541.83	1317.13	540.11	449.01	91.1	29.01	29.01	0	3428.08	2019.85	1408.23
3/19/2011	3114.91	1541.83	1573.08	449.01	449.01	0	15.89	15.89	0	3579.81	2006.73	1573.08
3/20/2011	3349.62	1541.83	1807.79	741.98	449.01	292.97	241.23	15.89	225.34	4332.83	2006.73	2326.1
3/21/2011	4000.45	1541.83	2458.62	997.22	449.01	548.21	59.55	15.89	43.66	5057.22	2006.73	3050.49
3/22/2011	3931.07	1541.83	2389.24	935.77	466.45	469.32	99.65	38.24	61.41	4966.49	2046.52	2919.97
3/23/2011	4687.01	1541.83	3145.18	1330.34	466.45	863.89	191.87	38.24	153.63	6209.22	2046.52	4162.7
3/24/2011	4144.52	1335.97	2808.55	834.94	466.45	368.49	38.24	38.24	0	5017.7	1840.66	3177.04
3/25/2011	3366.71	1335.97	2030.74	618.4	466.45	151.95	22.39	13.67	8.72	4007.5	1816.09	2191.41
3/26/2011	2790.46	1335.97	1454.49	466.45	466.45	0	17.29	13.67	3.62	3274.2	1816.09	1458.11
3/27/2011	2231.84	1335.97	895.87	323.29	131.8	191.49	13.67	13.67	0	2568.8	1481.44	1087.36
3/28/2011	1813.64	1335.97	477.67	231	131.8	99.2	11.84	10.36	1.48	2056.48	1478.13	578.35
3/29/2011	1552.19	1335.97	216.22	180.77	131.8	48.97	10.92	10.36	0.56	1743.88	1478.13	265.75
3/30/2011	1335.97	1335.97	0	153.44	131.8	21.64	10.36	10.36	0	1499.77	1478.13	21.64
3/31/2011	1182.8	1004.44	178.36	131.8	131.8	0	9.66	8.48	1.18	1324.26	1144.72	179.54
4/1/2011	1074.13	1004.44	69.69	117.58	109.24	8.34	8.94	8.48	0.46	1200.65	1122.16	78.49
4/2/2011	1004.44	1004.44	0	109.24	109.24	0	8.48	8.48	0	1122.16	1122.16	0
4/3/2011	1212.94	1004.44	208.5	250.01	109.24	140.77	39.67	11.46	28.21	1502.62	1125.14	377.48
4/4/2011	2525.35	1004.44	1520.91	555.75	109.24	446.51	35.39	11.46	23.93	3116.49	1125.14	1991.35
4/5/2011	3244.04	1004.44	2239.6	507.2	109.24	397.96	11.46	11.46	0	3762.7	1125.14	2637.56
4/6/2011	3190.36	1004.44	2185.92	454.59	167.6	286.99	30.17	11.18	18.99	3675.12	1183.22	2491.9
4/7/2011	2806.68	1063.82	1742.86	338.31	167.6	170.71	11.18	11.18	0	3156.17	1242.6	1913.57
4/8/2011	2301.29	1063.82	1237.47	257.61	167.6	90.01	23.24	11.18	12.06	2582.14	1242.6	1339.54
4/9/2011	1874.02	1063.82	810.2	198.43	167.6	30.83	10.58	10.55	0.03	2083.03	1241.97	841.06
4/10/2011	1571.22	1063.82	507.4	167.6	167.6	0	10.55	10.55	0	1749.37	1241.97	507.4
4/11/2011	1373.06	1063.82	309.24	167.31	96.15	71.16	24.39	10.55	13.84	1564.76	1170.52	394.24
4/12/2011	1203.15	1063.82	139.33	124.81	96.15	28.66	8.75	7.56	1.19	1336.71	1167.53	169.18
4/13/2011	1063.82	1063.82	0	107.5	96.15	11.35	7.89	7.56	0.33	1179.21	1167.53	11.68
4/14/2011	960.15	960.15	0	96.15	96.15	0	7.56	7.56	0	1063.86	1063.86	0
4/15/2011	1002.12	960.15	41.97	182.81	96.15	86.66	163.47	27.15	136.32	1348.4	1083.45	264.95
4/16/2011	1478.49	960.15	518.34	403.5	180.91	222.59	151.2	27.15	124.05	2033.19	1168.21	864.98
4/17/2011	1514.18	960.15	554.03	247.52	180.91	66.61	27.15	27.15	0	1788.85	1168.21	620.64
4/18/2011	1381.06	960.15	420.91	180.91	180.91	0	21.44	21.44	0	1583.41	1162.5	420.91
4/19/2011	1490.48	960.15	530.33	358.11	180.91	177.2	158.29	21.44	136.85	2006.88	1162.5	844.38
4/20/2011	1788.75	960.15	828.6	479.2	180.91	298.29	73.92	21.44	52.48	2341.87	1162.5	1179.37
4/21/2011	2042.74	2036.63	6.11	329.44	270.76	58.68	26.31	26.31	0	2398.49	2333.7	64.79
4/22/2011	2036.63	2036.63	0	320.97	270.76	50.21	97.69	26.31	71.38	2455.29	2333.7	121.59
4/23/2011	2481.15	2036.63	444.52	481.73	270.76	210.97	68.6	26.31	42.29	3031.48	2333.7	697.78
4/24/2011	2499.17	2036.63	462.54	362.99	270.76	92.23	23.12	17.36	5.76	2885.28	2324.75	560.53
4/25/2011	2211.02	2036.63	174.39	270.76	270.76	0	17.36	17.36	0	2499.14	2324.75	174.39
4/26/2011	3639.94	2036.63	1603.31	977.55	329.82	647.73	425.75	17.36	408.39	5043.24	2383.81	2659.43
4/27/2011	3917.52	2036.63	1880.89	733.99	329.82	404.17	78.9	24.28	54.62	4730.41	2390.73	2339.68
4/28/2011	3485.91	1348.17	2137.74	574.27	329.82	244.45	34.67	24.28	10.39	4094.85	1702.27	2392.58
4/29/2011	3026.06	1348.17	1677.89	448.81	329.82	118.99	24.28	24.28	0	3499.15	1702.27	1796.88
4/30/2011	2516.75	1348.17	1168.58	329.82	329.82	0	17.66	12.9	4.76	2864.23	1690.89	1173.34
5/1/2011	2104.86	1348.17	756.69	256.34	119.02	137.32	19.83	12.9	6.93	2381.03	1480.09	900.94
5/2/2011	1811.61	1348.17	463.44	191.57	119.02	72.55	12.9	12.9	0	2016.08	1480.09	535.99
5/3/2011	1549.05	1348.17	200.88	153.97	119.02	34.95	11.62	10.66	0.96	1714.64	1477.85	236.79
5/4/2011	1348.17	1348.17	0	133.39	119.02	14.37	10.86	10.66	0.2	1492.42	1477.85	14.57
5/5/2011	1193.76	735.58	458.18	119.02	119.02	0	10.66	10.66	0	1323.44	865.26	458.18
5/6/2011	1086.24	735.58	350.66	122.53	97.97	24.56	10.35	8.48	1.87	1219.12	842.03	377.09
5/7/2011	985.8	735.58	250.22	108.02	97.97	10.05	9.46	8.48	0.98	1103.28	842.03	261.25
5/8/2011	884.98	735.58	149.4	97.97	97.97	0	8.48	8.48	0	991.43	842.03	149.4
5/9/2011	830.78	735.58	95.2	130.28	97.97	32.31	21.11	10.64	10.47	982.17	844.19	137.98
5/10/2011	768.81	735.58	33.23	100.33	97.97	2.36	10.64	10.64	0	879.78	844.19	35.59
5/11/2011	735.58	735.58	0	106.07	102.26	3.81	10.86	10.64	0.22	852.51	848.48	4.03
5/12/2011	746.22	621.18	125.04	102.43	102.26	0.17	9.99	8.45	1.54	858.64	731.89	126.75
5/13/2011	752.9	621.18	131.72	102.26	102.26	0	8.45	8.45	0	863.61	731.89	131.72
5/14/2011	743.41	621.18	122.23	114.89	102.26	12.63	30.69	8.45	22.24	888.99	731.89	157.1
5/15/2011	757.49	621.18	136.31	146.63	102.26	44.37	40.42	8.47	31.95	944.54	731.91	212.63
5/16/2011	699.73	621.18	78.55	94.01	74.73	19.28	9.8	8.47	1.33	803.54	704.38	99.16
5/17/2011	649.41	621.18	28.23	81.17	74.73	6.44	8.47	8.47	0	739.05	704.38	34.67
5/18/2011	621.18	621.18	0	86.2	74.73	11.47	19.62	7.82	11.8	727	703.73	23.27
5/19/2011	596.92	570.58	26.34	78.49	74.73	3.76	9.14	7.82	1.32	684.55	653.13	31.42
5/20/2011	570.58	570.58	0	74.73	74.73	0	7.82	7.82	0	653.13	653.13	0
5/21/2011	592.78	570.58	22.2	111.23	111.23	0	29.7	29.7	0	733.71	711.51	22.2
5/22/2011	625.31	570.58	54.73	141.37	111.23	30.14	34.47	29.7	4.77	801.15	711.51	89.64
5/23/2011	968.44	570.58	397.86	285.14	111.23	173.91	91.37	29.7	61.67	1344.95	711.51	633.44
5/24/2011	975.84	570.58	405.26	133.42	111.23	22.19	10.69	10.69	0	1119.95	692.5	427.45
5/25/2011	1113.28	570.58	542.7	368.48	111.23	257.25	242.84	10.69	232.15	1724.6	692.5	1032.1
5/26/2011	1100.09	580.46	519.63	267.92	96.4	171.52	31.06	10.69	20.37	1399.07	687.55	711.52
5/27/2011	1056.35	580.46	475.89	160.73	96.4	64.33	15	11.69	3.31	1232.08	688.55	543.53
5/28/2011	900.1	580.46	319.64	118.15	96.4	21.75	11.69	11.69	0	1029.94	688.55	341.39
5/29/2011	788.99	580.46	208.53	113.36	96.4	16.96	26.28	11.69	14.59	928.63	688.55	240.08
5/30/2011	708.07	580.46	127.61	96.4	96.4	0	12.55	8.77	3.78	817.02	685.63	131.39
5/31/2011	647.35	580.46	66.89	81.84	40.59	41.25	9.98	8.77	1.21	739.17	629.82	109.35
6/1/2011	580.46	580.46	0	69.82	40.59	29.23	8.77	8.77	0	659.05	629.82	29.23
6/2/2011	513.3	332.34	180.96	55.41	40.59	14.82	8.4	7.19	1.21	577.11	380.12	196.99
6/3/2011	455.47	332.34	123.13	46.29	40.59	5.7	7.95	7.19	0.76	509.71	380.12	129.59
6/4/2011	420.5	332.34	88.16	40.59	40.59	0	7.19	7.19	0	468.28	380.12	88.16
6/5/2011	380.08	332.34	47.74	35.6	35.6	0	6.44	6.44	0	422.12	374.38	47.74
6/6/2011	402.6	332.34	70.26	101.19	35.6	65.59	8.48	6.44	2.04	512.27	374.38	137.89
6/7/2011	332.34	332.34	0	79.85	35.6	44.25	7.05	6.44	0.61	419.24	374.38	44.86
6/8/2011	361.25	332.34	28.91	132.92	35.6	97.32	74	50.16	23.84	568.17	418.1	150.07
6/9/2011	699.88	365.21	334.67	463.7	35.6	428.1	77.42	50.16	27.26	1241	450.97	790.03
6/10/2011	457.09	365.21	91.88	238.24	62.92	175.32	50.16	50.16	0	745.49	478.29	267.2
6/11/2011	416.44	365.21	51.23	140.57	62.92	77.65	10.7	7.17	3.53	567.71	435.3	132.41
6/12/2011	441.27	365.21	76.06	103.68	62.92	40.76	7.75	7.17	0.58	552.7	435.3	117.4
6/13/2011	429.91	365.21	64.7	82.29	62.92	19.37	7.17	7.17	0	519.37	435.3	84.07
6/14/2011	373.03	365.21	7.82	62.92	62.92	0	6.74	6.74	0	442.69	434.87	7.82
6/15/2011	365.21	365.21	0	109.97	54.23	55.74	13.76	6.74	7.02	488.94	426.18	62.76
6/16/2011	430.17	343.61	86.56	144.24	54.23	90.01	15.1	6.74	8.36	589.51	404.58	184.93
6/17/2011	388.33	343.61	44.72	76.92	54.23	22.69	6.66	5.87	0.79	471.91	403.71	68.2
6/18/2011	365.43	343.61	21.82	54.23	54.23	0	5.87	5.87	0	425.53	403.71	21.82
6/19/2011	343.61	343.61	0	122.82	54.23	68.59	60.43	5.87	54.56	526.86	403.71	123.15
6/20/2011	577.11	343.61	233.5	229.63	229.63	0	46.04	46.04	0	852.78	619.28	233.5
6/21/2011	941.79	343.61	598.18	865.85	229.63	636.22	271.11	46.04	225.07	2078.75	619.28	1459.47
6/22/2011	1601.37	343.61	1257.76	1168.61	229.63	938.98	128.91	46.04	82.87	2898.89	619.28	2279.61
6/23/2011	892.76	397.52	495.24	484.12	229.63	254.49	27.22	8.88	18.34	1404.1	636.03	768.07
6/24/2011	717.33	397.52	319.81	322.44	229.63	92.81	13	8.88	4.12	1052.77	636.03	416.74
6/25/2011	642.24	397.52	244.72	221.65	69.95	151.7	8.88	8.88	0	872.77	476.35	396.42
6/26/2011	564.08	397.52	166.56	157.78	69.95	87.83	7.29	5.97	1.32	729.15	473.44	255.71
6/27/2011	494.81	397.52	97.29	115.69	69.95	45.74	6.72	5.97	0.75	617.22	473.44	143.78
6/28/2011	441.53	397.52	44.01	88.86	69.95	18.91	5.97	5.97	0	536.36	473.44	62.92
6/29/2011	397.52	397.52	0	69.95	69.95	0	5.45	4.52	0.93	472.92	471.99	0.93
6/30/2011	348.88	191.16	157.72	55.04	30.71	24.33	4.97	4.52	0.45	408.89	226.39	182.5
7/1/2011	305.33	191.16	114.17	46.28	30.71	15.57	4.52	4.52	0	356.13	226.39	129.74
7/2/2011	274.14	191.16	82.98	41.19	30.71	10.48	4.92	4.59	0.33	320.25	226.46	93.79
7/3/2011	244.17	191.16	53.01	35.52	30.71	4.81	4.83	4.59	0.24	284.52	226.46	58.06
7/4/2011	221.8	191.16	30.64	30.71	30.71	0	4.59	4.59	0	257.1	226.46	30.64
7/5/2011	203.42	191.16	12.26	27.61	21.04	6.57	4.72	4.72	0	235.75	216.92	18.83
7/6/2011	191.16	191.16	0	25.21	21.04	4.17	5.29	4.72	0.57	221.66	216.92	4.74
7/7/2011	177.17	147.07	30.1	23.29	21.04	2.25	5.6	4.72	0.88	206.06	172.83	33.23
7/8/2011	172.43	147.07	25.36	22.63	21.04	1.59	6.19	5.9	0.29	201.25	174.01	27.24
7/9/2011	157.6	147.07	10.53	21.04	21.04	0	5.9	5.9	0	184.54	174.01	10.53
7/10/2011	147.07	147.07	0	19.65	19.65	0	6.51	5.9	0.61	173.23	172.62	0.61
7/11/2011	234.68	147.07	87.61	127.72	19.65	108.07	118.67	5.4	113.27	481.07	172.12	308.95
7/12/2011	174.3	147.07	27.23	43.47	19.65	23.82	7.95	5.4	2.55	225.72	172.12	53.6
7/13/2011	177.47	147.07	30.4	23.73	19.65	4.08	5.4	5.4	0	206.6	172.12	34.48
7/14/2011	164.48	128.07	36.41	21.45	19.65	1.8	4.94	4.25	0.69	190.87	151.97	38.9
7/15/2011	154.59	128.07	26.52	19.48	17.43	2.05	4.94	4.25	0.69	179.01	149.75	29.26
7/16/2011	143	128.07	14.93	18.65	17.43	1.22	4.25	4.25	0	165.9	149.75	16.15
7/17/2011	133.65	128.07	5.58	17.43	17.43	0	4.01	4.01	0	155.09	149.51	5.58
7/18/2011	128.07	128.07	0	18.38	17.43	0.95	4.61	4.01	0.6	151.06	149.51	1.55
7/19/2011	129.06	128.07	0.99	18.14	17.43	0.71	4.73	4.01	0.72	151.93	149.51	2.42
7/20/2011	165.76	128.07	37.69	45.6	22.73	22.87	16.35	4.91	11.44	227.71	155.71	72
7/21/2011	139.06	139.06	0	22.73	22.73	0	4.91	4.91	0	166.7	166.7	0
7/22/2011	175.04	139.06	35.98	59.34	22.73	36.61	29.17	4.91	24.26	263.55	166.7	96.85
7/23/2011	149.84	139.06	10.78	57.42	22.73	34.69	37.79	4.48	33.31	245.05	166.27	78.78
7/24/2011	147.71	139.06	8.65	34.16	22.73	11.43	7.86	4.48	3.38	189.73	166.27	23.46
7/25/2011	249.74	139.06	110.68	22.74	18.45	4.29	4.48	4.48	0	276.96	161.99	114.97
7/26/2011	212.05	139.06	72.99	18.45	18.45	0	4.22	4.22	0	234.72	161.73	72.99
7/27/2011	667.19	139.06	528.13	341.96	18.45	323.51	173.8	4.22	169.58	1182.95	161.73	1021.22
7/28/2011	1004.39	363	641.39	638.38	18.45	619.93	51.07	4.22	46.85	1693.84	385.67	1308.17
7/29/2011	710.98	363	347.98	385.71	18.45	367.26	9.08	4.87	4.21	1105.77	386.32	719.45
7/30/2011	632.55	363	269.55	226.26	68.88	157.38	6.15	4.87	1.28	864.96	436.75	428.21
7/31/2011	556.28	363	193.28	137.1	68.88	68.22	4.87	4.87	0	698.25	436.75	261.5
8/1/2011	481.72	363	118.72	82.02	68.88	13.14	4.99	4.99	0	568.73	436.87	131.86
8/2/2011	420	363	57	68.88	68.88	0	15.02	4.99	10.03	503.9	436.87	67.03
8/3/2011	363	363	0	69.78	68.88	0.9	8.94	4.99	3.95	441.72	436.87	4.85
8/4/2011	329.91	196.62	133.29	39.29	27.82	11.47	5.24	4.27	0.97	374.44	228.71	145.73
8/5/2011	315.13	196.62	118.51	32.19	27.82	4.37	4.75	4.27	0.48	352.07	228.71	123.36
8/6/2011	265.37	196.62	68.75	27.82	27.82	0	4.27	4.27	0	297.46	228.71	68.75
8/7/2011	310.52	196.62	113.9	117.97	27.82	90.15	22.29	5.62	16.67	450.78	230.06	220.72
8/8/2011	248.76	196.62	52.14	50.94	27.82	23.12	5.62	5.62	0	305.32	230.06	75.26
8/9/2011	217.48	196.62	20.86	36.3	19.72	16.58	5.93	5.62	0.31	259.71	221.96	37.75
8/10/2011	196.62	196.62	0	26.46	19.72	6.74	5.1	4.65	0.45	228.18	220.99	7.19
8/11/2011	181.16	167.84	13.32	22.65	19.72	2.93	4.65	4.65	0	208.46	192.21	16.25
8/12/2011	167.84	167.84	0	19.72	19.72	0	5.35	4.65	0.7	192.91	192.21	0.7
8/13/2011	255.54	167.84	87.7	68.34	19.72	48.62	20.54	4.31	16.23	344.42	191.87	152.55
8/14/2011	391.85	167.84	224.01	79.42	18.85	60.57	5.45	4.31	1.14	476.72	191	285.72
8/15/2011	473.01	167.84	305.17	37.09	18.85	18.24	4.31	4.31	0	514.41	191	323.41
8/16/2011	370.75	167.84	202.91	28.83	18.85	9.98	4.52	4.52	0	404.1	191.21	212.89
8/17/2011	305.7	167.84	137.86	21.97	18.85	3.12	4.68	4.52	0.16	332.35	191.21	141.14
8/18/2011	269.27	181.52	87.75	18.85	18.85	0	5.23	4.52	0.71	293.35	204.89	88.46
8/19/2011	245.99	181.52	64.47	16.6	15.96	0.64	4.39	3.98	0.41	266.98	201.46	65.52
8/20/2011	220.92	181.52	39.4	21.42	15.96	5.46	8.49	3.98	4.51	250.83	201.46	49.37
8/21/2011	213.89	181.52	32.37	20.22	15.96	4.26	3.98	3.98	0	238.09	201.46	36.63
8/22/2011	198.29	181.52	16.77	15.96	15.96	0	3.81	3.81	0	218.06	201.29	16.77
8/23/2011	201.64	181.52	20.12	29.33	15.96	13.37	9.48	3.81	5.67	240.45	201.29	39.16
8/24/2011	181.52	181.52	0	20.63	12.58	8.05	4.85	3.81	1.04	207	197.91	9.09
8/25/2011	170.94	129.97	40.97	16.21	12.58	3.63	4.03	3.49	0.54	191.18	146.04	45.14
8/26/2011	162.79	129.97	32.82	13.84	12.58	1.26	3.65	3.49	0.16	180.28	146.04	34.24
8/27/2011	154.63	129.97	24.66	15.38	12.58	2.8	3.49	3.49	0	173.5	146.04	27.46
8/28/2011	140.58	129.97	10.61	12.58	12.58	0	3.69	3.69	0	156.85	146.24	10.61
8/29/2011	138.22	129.97	8.25	11.36	11.36	0	3.81	3.69	0.12	153.39	145.02	8.37
8/30/2011	129.97	129.97	0	11.6	11.36	0.24	4.34	3.69	0.65	145.91	145.02	0.89
8/31/2011	145.5	129.97	15.53	17.43	11.36	6.07	5.27	4.05	1.22	168.2	145.38	22.82
9/1/2011	139.66	139.11	0.55	14.8	11.36	3.44	4.05	4.05	0	158.51	154.52	3.99
9/2/2011	139.11	139.11	0	12.99	11.36	1.63	4.84	4.05	0.79	156.94	154.52	2.42
9/3/2011	254.7	139.11	115.59	152.24	13.94	138.3	51.74	3.15	48.59	458.68	156.2	302.48
9/4/2011	188.92	139.11	49.81	50.18	13.94	36.24	7.21	3.15	4.06	246.31	156.2	90.11
9/5/2011	185	139.11	45.89	21.31	13.94	7.37	3.15	3.15	0	209.46	156.2	53.26
9/6/2011	170.25	139.11	31.14	17.05	13.94	3.11	3.37	3.37	0	190.67	156.42	34.25
9/7/2011	157.38	139.11	18.27	13.94	13.94	0	3.93	3.37	0.56	175.25	156.42	18.83
9/8/2011	157.56	120.14	37.42	11.86	10.41	1.45	4.21	3.37	0.84	173.63	133.92	39.71
9/9/2011	145.86	120.14	25.72	11.13	10.41	0.72	3.44	3.38	0.06	160.43	133.93	26.5
9/10/2011	136.19	120.14	16.05	10.76	10.41	0.35	3.38	3.38	0	150.33	133.93	16.4
9/11/2011	136.8	120.14	16.66	10.41	10.41	0	3.46	3.38	0.08	150.67	133.93	16.74
9/12/2011	120.67	120.14	0.53	10.71	10.41	0.3	3.58	2.74	0.84	134.96	133.29	1.67
9/13/2011	128.72	120.14	8.58	9.68	8.49	1.19	2.87	2.74	0.13	141.27	131.37	9.9
9/14/2011	120.14	120.14	0	9.84	8.49	1.35	2.74	2.74	0	132.72	131.37	1.35
9/15/2011	114.34	114.34	0	8.49	8.49	0	2.72	2.54	0.18	125.55	125.37	0.18
9/16/2011	122.06	114.34	7.72	8.74	8.49	0.25	2.78	2.54	0.24	133.58	125.37	8.21
9/17/2011	117.68	114.34	3.34	8.66	8.49	0.17	2.54	2.54	0	128.88	125.37	3.51
9/18/2011	157.77	114.34	43.43	45.46	17.29	28.17	16.88	4.69	12.19	220.11	136.32	83.79
9/19/2011	272.88	114.34	158.54	160.14	17.29	142.85	34.44	4.69	29.75	467.46	136.32	331.14
9/20/2011	184	114.34	69.66	33.51	17.29	16.22	4.69	4.69	0	222.2	136.32	85.88
9/21/2011	205	114.34	90.66	22	17.29	4.71	4.04	3.51	0.53	231.04	135.14	95.9
9/22/2011	174.99	152.42	22.57	17.29	17.29	0	3.77	3.51	0.26	196.05	173.22	22.83
9/23/2011	154.02	152.42	1.6	14.98	14.98	0	3.51	3.51	0	172.51	170.91	1.6
9/24/2011	152.42	152.42	0	103.73	14.98	88.75	116.63	100.68	15.95	372.78	268.08	104.7
9/25/2011	411.08	152.42	258.66	262.76	14.98	247.78	102.92	100.68	2.24	776.76	268.08	508.68
9/26/2011	552.67	152.42	400.25	503.51	14.98	488.53	100.68	100.68	0	1156.86	268.08	888.78
9/27/2011	658.81	152.42	506.39	252.61	14.98	237.63	19.82	10.35	9.47	931.24	177.75	753.49
9/28/2011	1022.53	152.42	870.11	452.28	95.04	357.24	26.17	10.35	15.82	1500.98	257.81	1243.17
9/29/2011	822.57	419.1	403.47	268.51	95.04	173.47	10.35	10.35	0	1101.43	524.49	576.94
9/30/2011	819.4	419.1	400.3	240.93	95.04	145.89	26.11	4.3	21.81	1086.44	518.44	568
10/1/2011	784.26	419.1	365.16	134.91	95.04	39.87	5.49	4.3	1.19	924.66	518.44	406.22
10/2/2011	687.89	419.1	268.79	95.04	95.04	0	4.3	4.3	0	787.23	518.44	268.79
10/3/2011	577.82	419.1	158.72	69.89	31.93	37.96	4.19	3.95	0.24	651.9	454.98	196.92
10/4/2011	472.72	419.1	53.62	56.37	31.93	24.44	3.95	3.95	0	533.04	454.98	78.06
10/5/2011	419.1	419.1	0	43.96	31.93	12.03	4.18	3.95	0.23	467.24	454.98	12.26
10/6/2011	363.06	199.63	163.43	37.79	31.93	5.86	3.2	2.96	0.24	404.05	234.52	169.53
10/7/2011	316.66	199.63	117.03	31.93	31.93	0	3.13	2.96	0.17	351.72	234.52	117.2
10/8/2011	285.4	199.63	85.77	28.79	22.47	6.32	2.96	2.96	0	317.15	225.06	92.09
10/9/2011	260.89	199.63	61.26	25.43	22.47	2.96	2.93	2.76	0.17	289.25	224.86	64.39
10/10/2011	229.66	199.63	30.03	24.16	22.47	1.69	2.76	2.76	0	256.58	224.86	31.72
10/11/2011	209.85	199.63	10.22	22.47	22.47	0	3.38	2.76	0.62	235.7	224.86	10.84
10/12/2011	199.63	199.63	0	25.76	22.47	3.29	3.71	3.71	0	229.1	225.81	3.29
10/13/2011	324.84	217.71	107.13	116.78	23.84	92.94	48.21	3.71	44.5	489.83	245.26	244.57
10/14/2011	262.39	217.71	44.68	82.48	23.84	58.64	9.47	3.71	5.76	354.34	245.26	109.08
10/15/2011	217.71	217.71	0	36.2	23.84	12.36	4	3.13	0.87	257.91	244.68	13.23
10/16/2011	222.33	217.71	4.62	27.69	23.84	3.85	3.19	3.13	0.06	253.21	244.68	8.53
10/17/2011	223.05	217.71	5.34	23.84	23.84	0	3.13	3.13	0	250.02	244.68	5.34
10/18/2011	223.29	217.71	5.58	21.86	21.86	0	3.75	3.75	0	248.9	243.32	5.58
10/19/2011	244.12	217.71	26.41	66.24	21.86	44.38	39.72	3.75	35.97	350.08	243.32	106.76
10/20/2011	251.01	210.18	40.83	68.81	21.86	46.95	34.74	3.75	30.99	354.56	235.79	118.77
10/21/2011	217.88	210.18	7.7	34.07	21.86	12.21	6.84	4.53	2.31	258.79	236.57	22.22
10/22/2011	210.18	210.18	0	26.03	21.86	4.17	4.53	4.53	0	240.74	236.57	4.17
10/23/2011	210.58	210.18	0.4	43.17	29.13	14.04	16.36	4.53	11.83	270.11	243.84	26.27
10/24/2011	262.38	210.18	52.2	99.62	29.13	70.49	34.78	4.95	29.83	396.78	244.26	152.52
10/25/2011	234.73	210.18	24.55	45.86	29.13	16.73	7.94	4.95	2.99	288.53	244.26	44.27
10/26/2011	229.72	210.18	19.54	38.84	29.13	9.71	4.95	4.95	0	273.51	244.26	29.25
10/27/2011	229.47	229.47	0	29.13	29.13	0	4.16	3.66	0.5	262.76	262.26	0.5
10/28/2011	231.46	229.47	1.99	25.22	22.68	2.54	3.99	3.66	0.33	260.67	255.81	4.86
10/29/2011	229.48	229.47	0.01	22.68	22.68	0	3.66	3.66	0	255.82	255.81	0.01
10/30/2011	235.94	229.47	6.47	38.93	22.68	16.25	20.06	4.24	15.82	294.93	256.39	38.54
10/31/2011	255.75	229.47	26.28	40.09	22.68	17.41	9.6	4.24	5.36	305.44	256.39	49.05
11/1/2011	243.74	229.47	14.27	27.36	22.68	4.68	4.24	4.24	0	275.34	256.39	18.95
11/2/2011	265.96	229.47	36.49	54.22	44.79	9.43	11.55	6.43	5.12	331.73	280.69	51.04
11/3/2011	401.13	397.95	3.18	184.39	44.79	139.6	58.08	6.43	51.65	643.6	449.17	194.43
11/4/2011	427.8	397.95	29.85	88.63	44.79	43.84	6.43	6.43	0	522.86	449.17	73.69
11/5/2011	451.93	397.95	53.98	56	44.79	11.21	5.41	4.25	1.16	513.34	446.99	66.35
11/6/2011	426.21	397.95	28.26	44.79	44.79	0	4.47	4.25	0.22	475.47	446.99	28.48
11/7/2011	397.95	397.95	0	39.5	39.5	0	4.25	4.25	0	441.7	441.7	0
11/8/2011	435.28	397.95	37.33	114.54	39.5	75.04	69.77	16.68	53.09	619.59	454.13	165.46
11/9/2011	803.55	397.95	405.6	452.7	39.5	413.2	182.26	16.68	165.58	1438.51	454.13	984.38
11/10/2011	1093.79	811.29	282.5	388.96	39.5	349.46	16.68	16.68	0	1499.43	867.47	631.96
11/11/2011	1239.2	811.29	427.91	241.9	39.5	202.4	8.64	5.53	3.11	1489.74	856.32	633.42
11/12/2011	1200.58	811.29	389.29	168.12	72.25	95.87	6.43	5.53	0.9	1375.13	889.07	486.06
11/13/2011	1108.01	811.29	296.72	141.29	72.25	69.04	5.53	5.53	0	1254.83	889.07	365.76
11/14/2011	1016.62	811.29	205.33	105.98	72.25	33.73	5.38	4.75	0.63	1127.98	888.29	239.69
11/15/2011	909.02	811.29	97.73	87.33	72.25	15.08	5.18	4.75	0.43	1001.53	888.29	113.24
11/16/2011	811.29	811.29	0	72.25	72.25	0	4.75	4.75	0	888.29	888.29	0
11/17/2011	708.93	398.9	310.03	59.21	45.43	13.78	4.47	3.9	0.57	772.61	448.23	324.38
11/18/2011	601.7	398.9	202.8	49.35	45.43	3.92	4.25	3.9	0.35	655.3	448.23	207.07
11/19/2011	542.95	398.9	144.05	45.43	45.43	0	3.9	3.9	0	592.28	448.23	144.05
11/20/2011	490.54	398.9	91.64	49.89	45.43	4.46	3.64	3.55	0.09	544.07	447.88	96.19
11/21/2011	448.29	398.9	49.39	48.9	45.43	3.47	3.55	3.55	0	500.74	447.88	52.86
11/22/2011	422.46	398.9	23.56	42.3	31.81	10.49	3.59	3.55	0.04	468.35	434.26	34.09
11/23/2011	398.9	398.9	0	35.6	31.81	3.79	3.57	3.19	0.38	438.07	433.9	4.17
11/24/2011	380.29	364.2	16.09	31.81	31.81	0	3.31	3.19	0.12	415.41	399.2	16.21
11/25/2011	364.2	364.2	0	48.42	31.81	16.61	3.19	3.19	0	415.81	399.2	16.61
11/26/2011	378.88	364.2	14.68	91.44	31.81	59.63	24.17	6.18	17.99	494.49	402.19	92.3
11/27/2011	498.75	364.2	134.55	200.29	54.48	145.81	45.84	6.18	39.66	744.88	424.86	320.02
11/28/2011	496.22	364.2	132.02	107.96	54.48	53.48	6.18	6.18	0	610.36	424.86	185.5
11/29/2011	526.38	364.2	162.18	82.59	54.48	28.11	4.93	4.08	0.85	613.9	422.76	191.14
11/30/2011	503.26	364.2	139.06	65.99	54.48	11.51	4.4	4.08	0.32	573.65	422.76	150.89
12/1/2011	478.9	441.9	37	54.48	54.48	0	4.08	4.08	0	537.46	500.46	37
12/2/2011	441.9	441.9	0	48.13	48.13	0	5.01	5.01	0	495.04	495.04	0
12/3/2011	479.52	441.9	37.62	156.55	48.13	108.42	46.34	5.01	41.33	682.41	495.04	187.37
12/4/2011	611.58	441.9	169.68	256.34	48.13	208.21	38.27	5.01	33.26	906.19	495.04	411.15
12/5/2011	777.61	441.9	335.71	170.42	48.13	122.29	12.42	5.94	6.48	960.45	495.97	464.48
12/6/2011	775	441.9	333.1	124.48	48.13	76.35	7.84	5.94	1.9	907.32	495.97	411.35
12/7/2011	710.09	441.9	268.19	98.37	67.73	30.64	5.94	5.94	0	814.4	515.57	298.83
12/8/2011	624.64	364.25	260.39	81.94	67.73	14.21	5.18	3.83	1.35	711.76	435.81	275.95
12/9/2011	519.81	364.25	155.56	70	67.73	2.27	4.4	3.83	0.57	594.21	435.81	158.4
12/10/2011	392.06	364.25	27.81	67.73	67.73	0	3.83	3.83	0	463.62	435.81	27.81
12/11/2011	364.25	364.25	0	81.25	67.73	13.52	4.89	3.97	0.92	450.39	435.95	14.44
12/12/2011	504.27	364.25	140.02	43.24	41.15	2.09	4.36	3.97	0.39	551.87	409.37	142.5
12/13/2011	460.44	364.25	96.19	41.15	41.15	0	3.97	3.97	0	505.56	409.37	96.19
12/14/2011	534.92	364.25	170.67	202.52	41.15	161.37	92.01	7.07	84.94	829.45	412.47	416.98
12/15/2011	618.02	480.63	137.39	154.52	41.15	113.37	15.23	7.07	8.16	787.77	528.85	258.92
12/16/2011	771.59	480.63	290.96	123.82	41.15	82.67	7.07	7.07	0	902.48	528.85	373.63
12/17/2011	724.58	480.63	243.95	97.34	68.75	28.59	5.96	5.24	0.72	827.88	554.62	273.26
12/18/2011	623.47	480.63	142.84	80.93	68.75	12.18	5.24	5.24	0	709.64	554.62	155.02
12/19/2011	554.95	480.63	74.32	76.05	68.75	7.3	5.26	5.24	0.02	636.26	554.62	81.64
12/20/2011	511.29	480.63	30.66	71.92	68.75	3.17	5.05	4.76	0.29	588.26	554.14	34.12
12/21/2011	480.63	480.63	0	68.75	68.75	0	5.79	4.76	1.03	555.17	554.14	1.03
12/22/2011	456.43	333.13	123.3	62.86	44.45	18.41	4.76	4.76	0	524.05	382.34	141.71
12/23/2011	441.21	333.13	108.08	56.98	44.45	12.53	4.01	3.7	0.31	502.2	381.28	120.92
12/24/2011	413.32	333.13	80.19	50.74	44.45	6.29	3.78	3.7	0.08	467.84	381.28	86.56
12/25/2011	391.2	333.13	58.07	46.79	44.45	2.34	3.7	3.7	0	441.69	381.28	60.41
12/26/2011	383.63	333.13	50.5	44.45	44.45	0	3.52	3.49	0.03	431.6	381.07	50.53
12/27/2011	385.15	333.13	52.02	42.62	40.52	2.1	3.65	3.49	0.16	431.42	377.14	54.28
12/28/2011	333.13	333.13	0	40.54	40.52	0.02	3.49	3.49	0	377.16	377.14	0.02
12/29/2011	309.45	309.45	0	40.52	40.52	0	3.65	3.65	0	353.62	353.62	0
12/30/2011	484.78	309.45	175.33	168.88	40.52	128.36	68.83	3.65	65.18	722.49	353.62	368.87
12/31/2011	464.53	309.45	155.08	147.77	40.52	107.25	12.04	3.65	8.39	624.34	353.62	270.72
